1 3 2
1 3
1 4
1 6
1 3 7
1 4 8
1 3 7 9
1 4 8 11
1 4 8 11 14
1 4 8 11 14 17
2 3 1
2 3
2 3 4
2 3 1 6
2 7
2 7 8
2 7 9
2 7 10
2 7 8 11
2 7 10 12
3 1
3 2
3 4
3 4 5
3 1 6
3 7
3 7 9
3 7 10
3 7 10 12
4 1
4 3 2
4 3
4 5
4 8
4 8 10
4 8 11
4 8 10 12
4 8 10 13
4 8 11 14
4 8 10 13 15
4 8 11 14 17
5 4 3
5 4
5 6
5 8 7
5 8
5 8 10
5 8 11
5 8 10 12
5 8 10 13
5 8 11 14
5 8 10 13 15
5 8 11 14 17
6 1
6 1 3 2
6 1 3
6 5
6 5 8
6 5 8 10
6 5 8 11
6 5 8 10 12
6 5 8 10 13
6 5 8 11 14
6 5 8 10 13 15
6 5 8 11 14 17
7 3 1
7 2
7 3
7 8 5
7 8
7 9
7 10
7 8 11
7 10 12
8 4 1
8 7 2
8 4
8 5
8 5 6
8 7
8 10
8 11
8 10 12
8 10 13
8 11 14
8 10 13 15
8 11 14 17
9 7 3 1
9 7 2
9 7 3
9 7
9 10
9 13
9 13 15
9 13 16
9 13 16 17
9 13 16 18
9 13 16 21
10 7 2
10 7 3
10 8 4
10 8 5
10 8 5 6
10 7
10 8
10 9
10 8 11
10 12
10 13
10 12 14
10 13 15
10 13 16
10 13 16 18
10 13 16 21
11 8 4 1
11 8 7 2
11 8 4
11 8 5
11 8 5 6
11 8 7
11 8
11 8 10
11 14 12
11 14
11 14 16
11 14 17
11 14 16 19
11 14 16 21
12 10 7 2
12 10 7 3
12 10 8 4
12 10 8 5
12 10 8 5 6
12 10 7
12 10 8
12 10
12 14 11
12 13
12 14
12 13 15
12 14 17
13 10 8 4
13 10 8 5
13 10 8 5 6
13 10 8
13 9
13 10
13 12
13 15
13 16
13 16 17
13 16 18
13 16 21
14 11 8 4 1
14 11 8 4
14 11 8 5
14 11 8 5 6
14 11 8
14 12 10
14 11
14 12
14 16
14 17
14 16 19
14 16 21
15 13 10 8 4
15 13 10 8 5
15 13 10 8 5 6
15 13 10 8
15 13 9
15 13 10
15 13 12
15 13
15 19
15 19 21 20
15 19 21
16 13 9
16 13 10
16 14 11
16 13
16 14
16 17
16 18
16 19
16 21
17 14 11 8 4 1
17 14 11 8 4
17 14 11 8 5
17 14 11 8 5 6
17 14 11 8
17 16 13 9
17 14 11
17 14 12
17 16 13
17 14
17 16
17 18
17 16 19
17 18 20
17 16 21
18 16 13 9
18 16 13 10
18 16 13
18 16
18 17
18 16 19
18 20
19 16 14 11
19 16 14
19 15
19 16
19 16 17
19 16 18
19 21 20
19 21
20 21 19 15
20 18 17
20 18
20 21 19
20 21
21 16 13 9
21 16 13 10
21 16 14 11
21 16 13
21 16 14
21 19 15
21 16
21 16 17
21 19
21 20