1 2
1 3
1 4
1 4 5
1 3 7
1 2 8
1 4 9
1 3 7 10
1 2 8 11
1 3 7 12
1 4 9 13
1 4 9 14
2 1
2 3
2 1 4
2 8 6
2 3 7
2 8
2 1 4 9
2 8 11
2 3 7 12
2 8 11 13
2 8 11 14
3 1
3 2
3 1 4
3 7 5
3 7
3 2 8
3 1 4 9
3 7 10
3 7 12
3 7 12 13
3 7 12 14
4 1
4 1 2
4 1 3
4 5
4 5 6
4 5 7
4 9
4 5 7 10
4 9 13
4 9 14
5 4 1
5 7 3
5 4
5 6
5 7
5 6 8
5 4 9
5 7 10
5 7 12
6 8 2
6 5 4
6 5
6 5 7
6 8
6 5 4 9
6 8 11
6 5 7 12
6 8 11 13
6 8 11 14
7 3 1
7 3 2
7 3
7 5 4
7 5
7 5 6
7 10
7 10 11
7 12
7 12 13
7 12 14
8 2 1
8 2
8 2 3
8 6 5
8 6
8 11 10
8 11
8 11 13
8 11 14
9 4 1
9 4 1 2
9 4 1 3
9 4
9 4 5
9 4 5 6
9 13 11 10
9 13
9 14
10 7 3 1
10 7 3
10 7 5 4
10 7 5
10 7
10 11 8
10 11 13 9
10 11
10 7 12
10 11 13
10 11 14
11 8 2 1
11 8 2
11 8 6
11 10 7
11 8
11 10
11 13
11 14
12 7 3 1
12 7 3 2
12 7 3
12 7 5
12 7 5 6
12 7
12 7 10
12 13
12 14
13 9 4 1
13 11 8 2
13 12 7 3
13 9 4
13 11 8 6
13 12 7
13 11 8
13 9
13 11 10
13 11
13 12
14 9 4 1
14 11 8 2
14 12 7 3
14 9 4
14 11 8 6
14 12 7
14 11 8
14 9
14 11 10
14 11
14 12