1 2
1 2 3
1 2 3 4
1 2 3 4 5
1 6
1 2 7
1 6 7
1 2 3 8
1 2 7 8
1 6 7 8
1 2 3 4 9
1 2 3 8 9
1 2 7 8 9
1 6 7 8 9
1 2 3 4 5 10
1 2 3 4 9 10
1 2 3 8 9 10
1 2 7 8 9 10
1 6 7 8 9 10
1 6 11
1 2 7 12
1 6 7 12
1 6 11 12
1 2 3 8 13
1 2 7 8 13
1 2 7 12 13
1 6 7 8 13
1 6 7 12 13
1 6 11 12 13
1 2 3 4 9 14
1 2 3 8 9 14
1 2 3 8 13 14
1 2 7 8 9 14
1 2 7 8 13 14
1 2 7 12 13 14
1 6 7 8 9 14
1 6 7 8 13 14
1 6 7 12 13 14
1 6 11 12 13 14
1 2 3 4 5 10 15
1 2 3 4 9 10 15
1 2 3 4 9 14 15
1 2 3 8 9 10 15
1 2 3 8 9 14 15
1 2 3 8 13 14 15
1 2 7 8 9 10 15
1 2 7 8 9 14 15
1 2 7 8 13 14 15
1 2 7 12 13 14 15
1 6 7 8 9 10 15
1 6 7 8 9 14 15
1 6 7 8 13 14 15
1 6 7 12 13 14 15
1 6 11 12 13 14 15
1 6 11 16
1 2 7 12 17
1 6 7 12 17
1 6 11 12 17
1 6 11 16 17
1 2 3 8 13 18
1 2 7 8 13 18
1 2 7 12 13 18
1 2 7 12 17 18
1 6 7 8 13 18
1 6 7 12 13 18
1 6 7 12 17 18
1 6 11 12 13 18
1 6 11 12 17 18
1 6 11 16 17 18
1 2 3 4 9 14 19
1 2 3 8 9 14 19
1 2 3 8 13 14 19
1 2 3 8 13 18 19
1 2 7 8 9 14 19
1 2 7 8 13 14 19
1 2 7 8 13 18 19
1 2 7 12 13 14 19
1 2 7 12 13 18 19
1 2 7 12 17 18 19
1 6 7 8 9 14 19
1 6 7 8 13 14 19
1 6 7 8 13 18 19
1 6 7 12 13 14 19
1 6 7 12 13 18 19
1 6 7 12 17 18 19
1 6 11 12 13 14 19
1 6 11 12 13 18 19
1 6 11 12 17 18 19
1 6 11 16 17 18 19
1 2 3 4 5 10 15 20
1 2 3 4 9 10 15 20
1 2 3 4 9 14 15 20
1 2 3 4 9 14 19 20
1 2 3 8 9 10 15 20
1 2 3 8 9 14 15 20
1 2 3 8 9 14 19 20
1 2 3 8 13 14 15 20
1 2 3 8 13 14 19 20
1 2 3 8 13 18 19 20
1 2 7 8 9 10 15 20
1 2 7 8 9 14 15 20
1 2 7 8 9 14 19 20
1 2 7 8 13 14 15 20
1 2 7 8 13 14 19 20
1 2 7 8 13 18 19 20
1 2 7 12 13 14 15 20
1 2 7 12 13 14 19 20
1 2 7 12 13 18 19 20
1 2 7 12 17 18 19 20
1 6 7 8 9 10 15 20
1 6 7 8 9 14 15 20
1 6 7 8 9 14 19 20
1 6 7 8 13 14 15 20
1 6 7 8 13 14 19 20
1 6 7 8 13 18 19 20
1 6 7 12 13 14 15 20
1 6 7 12 13 14 19 20
1 6 7 12 13 18 19 20
1 6 7 12 17 18 19 20
1 6 11 12 13 14 15 20
1 6 11 12 13 14 19 20
1 6 11 12 13 18 19 20
1 6 11 12 17 18 19 20
1 6 11 16 17 18 19 20
1 6 11 16 21
1 2 7 12 17 22
1 6 7 12 17 22
1 6 11 12 17 22
1 6 11 16 17 22
1 6 11 16 21 22
1 2 3 8 13 18 23
1 2 7 8 13 18 23
1 2 7 12 13 18 23
1 2 7 12 17 18 23
1 2 7 12 17 22 23
1 6 7 8 13 18 23
1 6 7 12 13 18 23
1 6 7 12 17 18 23
1 6 7 12 17 22 23
1 6 11 12 13 18 23
1 6 11 12 17 18 23
1 6 11 12 17 22 23
1 6 11 16 17 18 23
1 6 11 16 17 22 23
1 6 11 16 21 22 23
1 2 3 4 9 14 19 24
1 2 3 8 9 14 19 24
1 2 3 8 13 14 19 24
1 2 3 8 13 18 19 24
1 2 3 8 13 18 23 24
1 2 7 8 9 14 19 24
1 2 7 8 13 14 19 24
1 2 7 8 13 18 19 24
1 2 7 8 13 18 23 24
1 2 7 12 13 14 19 24
1 2 7 12 13 18 19 24
1 2 7 12 13 18 23 24
1 2 7 12 17 18 19 24
1 2 7 12 17 18 23 24
1 2 7 12 17 22 23 24
1 6 7 8 9 14 19 24
1 6 7 8 13 14 19 24
1 6 7 8 13 18 19 24
1 6 7 8 13 18 23 24
1 6 7 12 13 14 19 24
1 6 7 12 13 18 19 24
1 6 7 12 13 18 23 24
1 6 7 12 17 18 19 24
1 6 7 12 17 18 23 24
1 6 7 12 17 22 23 24
1 6 11 12 13 14 19 24
1 6 11 12 13 18 19 24
1 6 11 12 13 18 23 24
1 6 11 12 17 18 19 24
1 6 11 12 17 18 23 24
1 6 11 12 17 22 23 24
1 6 11 16 17 18 19 24
1 6 11 16 17 18 23 24
1 6 11 16 17 22 23 24
1 6 11 16 21 22 23 24
1 2 3 4 5 10 15 20 25
1 2 3 4 9 10 15 20 25
1 2 3 4 9 14 15 20 25
1 2 3 4 9 14 19 20 25
1 2 3 4 9 14 19 24 25
1 2 3 8 9 10 15 20 25
1 2 3 8 9 14 15 20 25
1 2 3 8 9 14 19 20 25
1 2 3 8 9 14 19 24 25
1 2 3 8 13 14 15 20 25
1 2 3 8 13 14 19 20 25
1 2 3 8 13 14 19 24 25
1 2 3 8 13 18 19 20 25
1 2 3 8 13 18 19 24 25
1 2 3 8 13 18 23 24 25
1 2 7 8 9 10 15 20 25
1 2 7 8 9 14 15 20 25
1 2 7 8 9 14 19 20 25
1 2 7 8 9 14 19 24 25
1 2 7 8 13 14 15 20 25
1 2 7 8 13 14 19 20 25
1 2 7 8 13 14 19 24 25
1 2 7 8 13 18 19 20 25
1 2 7 8 13 18 19 24 25
1 2 7 8 13 18 23 24 25
1 2 7 12 13 14 15 20 25
1 2 7 12 13 14 19 20 25
1 2 7 12 13 14 19 24 25
1 2 7 12 13 18 19 20 25
1 2 7 12 13 18 19 24 25
1 2 7 12 13 18 23 24 25
1 2 7 12 17 18 19 20 25
1 2 7 12 17 18 19 24 25
1 2 7 12 17 18 23 24 25
1 2 7 12 17 22 23 24 25
1 6 7 8 9 10 15 20 25
1 6 7 8 9 14 15 20 25
1 6 7 8 9 14 19 20 25
1 6 7 8 9 14 19 24 25
1 6 7 8 13 14 15 20 25
1 6 7 8 13 14 19 20 25
1 6 7 8 13 14 19 24 25
1 6 7 8 13 18 19 20 25
1 6 7 8 13 18 19 24 25
1 6 7 8 13 18 23 24 25
1 6 7 12 13 14 15 20 25
1 6 7 12 13 14 19 20 25
1 6 7 12 13 14 19 24 25
1 6 7 12 13 18 19 20 25
1 6 7 12 13 18 19 24 25
1 6 7 12 13 18 23 24 25
1 6 7 12 17 18 19 20 25
1 6 7 12 17 18 19 24 25
1 6 7 12 17 18 23 24 25
1 6 7 12 17 22 23 24 25
1 6 11 12 13 14 15 20 25
1 6 11 12 13 14 19 20 25
1 6 11 12 13 14 19 24 25
1 6 11 12 13 18 19 20 25
1 6 11 12 13 18 19 24 25
1 6 11 12 13 18 23 24 25
1 6 11 12 17 18 19 20 25
1 6 11 12 17 18 19 24 25
1 6 11 12 17 18 23 24 25
1 6 11 12 17 22 23 24 25
1 6 11 16 17 18 19 20 25
1 6 11 16 17 18 19 24 25
1 6 11 16 17 18 23 24 25
1 6 11 16 17 22 23 24 25
1 6 11 16 21 22 23 24 25
2 1
2 3
2 3 4
2 3 4 5
2 1 6
2 7 6
2 7
2 3 8
2 7 8
2 3 4 9
2 3 8 9
2 7 8 9
2 3 4 5 10
2 3 4 9 10
2 3 8 9 10
2 7 8 9 10
2 1 6 11
2 7 6 11
2 7 12 11
2 7 12
2 3 8 13
2 7 8 13
2 7 12 13
2 3 4 9 14
2 3 8 9 14
2 3 8 13 14
2 7 8 9 14
2 7 8 13 14
2 7 12 13 14
2 3 4 5 10 15
2 3 4 9 10 15
2 3 4 9 14 15
2 3 8 9 10 15
2 3 8 9 14 15
2 3 8 13 14 15
2 7 8 9 10 15
2 7 8 9 14 15
2 7 8 13 14 15
2 7 12 13 14 15
2 1 6 11 16
2 7 6 11 16
2 7 12 11 16
2 7 12 17 16
2 7 12 17
2 3 8 13 18
2 7 8 13 18
2 7 12 13 18
2 7 12 17 18
2 3 4 9 14 19
2 3 8 9 14 19
2 3 8 13 14 19
2 3 8 13 18 19
2 7 8 9 14 19
2 7 8 13 14 19
2 7 8 13 18 19
2 7 12 13 14 19
2 7 12 13 18 19
2 7 12 17 18 19
2 3 4 5 10 15 20
2 3 4 9 10 15 20
2 3 4 9 14 15 20
2 3 4 9 14 19 20
2 3 8 9 10 15 20
2 3 8 9 14 15 20
2 3 8 9 14 19 20
2 3 8 13 14 15 20
2 3 8 13 14 19 20
2 3 8 13 18 19 20
2 7 8 9 10 15 20
2 7 8 9 14 15 20
2 7 8 9 14 19 20
2 7 8 13 14 15 20
2 7 8 13 14 19 20
2 7 8 13 18 19 20
2 7 12 13 14 15 20
2 7 12 13 14 19 20
2 7 12 13 18 19 20
2 7 12 17 18 19 20
2 1 6 11 16 21
2 7 6 11 16 21
2 7 12 11 16 21
2 7 12 17 16 21
2 7 12 17 22 21
2 7 12 17 22
2 3 8 13 18 23
2 7 8 13 18 23
2 7 12 13 18 23
2 7 12 17 18 23
2 7 12 17 22 23
2 3 4 9 14 19 24
2 3 8 9 14 19 24
2 3 8 13 14 19 24
2 3 8 13 18 19 24
2 3 8 13 18 23 24
2 7 8 9 14 19 24
2 7 8 13 14 19 24
2 7 8 13 18 19 24
2 7 8 13 18 23 24
2 7 12 13 14 19 24
2 7 12 13 18 19 24
2 7 12 13 18 23 24
2 7 12 17 18 19 24
2 7 12 17 18 23 24
2 7 12 17 22 23 24
2 3 4 5 10 15 20 25
2 3 4 9 10 15 20 25
2 3 4 9 14 15 20 25
2 3 4 9 14 19 20 25
2 3 4 9 14 19 24 25
2 3 8 9 10 15 20 25
2 3 8 9 14 15 20 25
2 3 8 9 14 19 20 25
2 3 8 9 14 19 24 25
2 3 8 13 14 15 20 25
2 3 8 13 14 19 20 25
2 3 8 13 14 19 24 25
2 3 8 13 18 19 20 25
2 3 8 13 18 19 24 25
2 3 8 13 18 23 24 25
2 7 8 9 10 15 20 25
2 7 8 9 14 15 20 25
2 7 8 9 14 19 20 25
2 7 8 9 14 19 24 25
2 7 8 13 14 15 20 25
2 7 8 13 14 19 20 25
2 7 8 13 14 19 24 25
2 7 8 13 18 19 20 25
2 7 8 13 18 19 24 25
2 7 8 13 18 23 24 25
2 7 12 13 14 15 20 25
2 7 12 13 14 19 20 25
2 7 12 13 14 19 24 25
2 7 12 13 18 19 20 25
2 7 12 13 18 19 24 25
2 7 12 13 18 23 24 25
2 7 12 17 18 19 20 25
2 7 12 17 18 19 24 25
2 7 12 17 18 23 24 25
2 7 12 17 22 23 24 25
3 2 1
3 2
3 4
3 4 5
3 2 1 6
3 2 7 6
3 8 7 6
3 2 7
3 8 7
3 8
3 4 9
3 8 9
3 4 5 10
3 4 9 10
3 8 9 10
3 2 1 6 11
3 2 7 6 11
3 2 7 12 11
3 8 7 6 11
3 8 7 12 11
3 8 13 12 11
3 2 7 12
3 8 7 12
3 8 13 12
3 8 13
3 4 9 14
3 8 9 14
3 8 13 14
3 4 5 10 15
3 4 9 10 15
3 4 9 14 15
3 8 9 10 15
3 8 9 14 15
3 8 13 14 15
3 2 1 6 11 16
3 2 7 6 11 16
3 2 7 12 11 16
3 2 7 12 17 16
3 8 7 6 11 16
3 8 7 12 11 16
3 8 7 12 17 16
3 8 13 12 11 16
3 8 13 12 17 16
3 8 13 18 17 16
3 2 7 12 17
3 8 7 12 17
3 8 13 12 17
3 8 13 18 17
3 8 13 18
3 4 9 14 19
3 8 9 14 19
3 8 13 14 19
3 8 13 18 19
3 4 5 10 15 20
3 4 9 10 15 20
3 4 9 14 15 20
3 4 9 14 19 20
3 8 9 10 15 20
3 8 9 14 15 20
3 8 9 14 19 20
3 8 13 14 15 20
3 8 13 14 19 20
3 8 13 18 19 20
3 2 1 6 11 16 21
3 2 7 6 11 16 21
3 2 7 12 11 16 21
3 2 7 12 17 16 21
3 2 7 12 17 22 21
3 8 7 6 11 16 21
3 8 7 12 11 16 21
3 8 7 12 17 16 21
3 8 7 12 17 22 21
3 8 13 12 11 16 21
3 8 13 12 17 16 21
3 8 13 12 17 22 21
3 8 13 18 17 16 21
3 8 13 18 17 22 21
3 8 13 18 23 22 21
3 2 7 12 17 22
3 8 7 12 17 22
3 8 13 12 17 22
3 8 13 18 17 22
3 8 13 18 23 22
3 8 13 18 23
3 4 9 14 19 24
3 8 9 14 19 24
3 8 13 14 19 24
3 8 13 18 19 24
3 8 13 18 23 24
3 4 5 10 15 20 25
3 4 9 10 15 20 25
3 4 9 14 15 20 25
3 4 9 14 19 20 25
3 4 9 14 19 24 25
3 8 9 10 15 20 25
3 8 9 14 15 20 25
3 8 9 14 19 20 25
3 8 9 14 19 24 25
3 8 13 14 15 20 25
3 8 13 14 19 20 25
3 8 13 14 19 24 25
3 8 13 18 19 20 25
3 8 13 18 19 24 25
3 8 13 18 23 24 25
4 3 2 1
4 3 2
4 3
4 5
4 3 2 1 6
4 3 2 7 6
4 3 8 7 6
4 9 8 7 6
4 3 2 7
4 3 8 7
4 9 8 7
4 3 8
4 9 8
4 9
4 5 10
4 9 10
4 3 2 1 6 11
4 3 2 7 6 11
4 3 2 7 12 11
4 3 8 7 6 11
4 3 8 7 12 11
4 3 8 13 12 11
4 9 8 7 6 11
4 9 8 7 12 11
4 9 8 13 12 11
4 9 14 13 12 11
4 3 2 7 12
4 3 8 7 12
4 3 8 13 12
4 9 8 7 12
4 9 8 13 12
4 9 14 13 12
4 3 8 13
4 9 8 13
4 9 14 13
4 9 14
4 5 10 15
4 9 10 15
4 9 14 15
4 3 2 1 6 11 16
4 3 2 7 6 11 16
4 3 2 7 12 11 16
4 3 2 7 12 17 16
4 3 8 7 6 11 16
4 3 8 7 12 11 16
4 3 8 7 12 17 16
4 3 8 13 12 11 16
4 3 8 13 12 17 16
4 3 8 13 18 17 16
4 9 8 7 6 11 16
4 9 8 7 12 11 16
4 9 8 7 12 17 16
4 9 8 13 12 11 16
4 9 8 13 12 17 16
4 9 8 13 18 17 16
4 9 14 13 12 11 16
4 9 14 13 12 17 16
4 9 14 13 18 17 16
4 9 14 19 18 17 16
4 3 2 7 12 17
4 3 8 7 12 17
4 3 8 13 12 17
4 3 8 13 18 17
4 9 8 7 12 17
4 9 8 13 12 17
4 9 8 13 18 17
4 9 14 13 12 17
4 9 14 13 18 17
4 9 14 19 18 17
4 3 8 13 18
4 9 8 13 18
4 9 14 13 18
4 9 14 19 18
4 9 14 19
4 5 10 15 20
4 9 10 15 20
4 9 14 15 20
4 9 14 19 20
4 3 2 1 6 11 16 21
4 3 2 7 6 11 16 21
4 3 2 7 12 11 16 21
4 3 2 7 12 17 16 21
4 3 2 7 12 17 22 21
4 3 8 7 6 11 16 21
4 3 8 7 12 11 16 21
4 3 8 7 12 17 16 21
4 3 8 7 12 17 22 21
4 3 8 13 12 11 16 21
4 3 8 13 12 17 16 21
4 3 8 13 12 17 22 21
4 3 8 13 18 17 16 21
4 3 8 13 18 17 22 21
4 3 8 13 18 23 22 21
4 9 8 7 6 11 16 21
4 9 8 7 12 11 16 21
4 9 8 7 12 17 16 21
4 9 8 7 12 17 22 21
4 9 8 13 12 11 16 21
4 9 8 13 12 17 16 21
4 9 8 13 12 17 22 21
4 9 8 13 18 17 16 21
4 9 8 13 18 17 22 21
4 9 8 13 18 23 22 21
4 9 14 13 12 11 16 21
4 9 14 13 12 17 16 21
4 9 14 13 12 17 22 21
4 9 14 13 18 17 16 21
4 9 14 13 18 17 22 21
4 9 14 13 18 23 22 21
4 9 14 19 18 17 16 21
4 9 14 19 18 17 22 21
4 9 14 19 18 23 22 21
4 9 14 19 24 23 22 21
4 3 2 7 12 17 22
4 3 8 7 12 17 22
4 3 8 13 12 17 22
4 3 8 13 18 17 22
4 3 8 13 18 23 22
4 9 8 7 12 17 22
4 9 8 13 12 17 22
4 9 8 13 18 17 22
4 9 8 13 18 23 22
4 9 14 13 12 17 22
4 9 14 13 18 17 22
4 9 14 13 18 23 22
4 9 14 19 18 17 22
4 9 14 19 18 23 22
4 9 14 19 24 23 22
4 3 8 13 18 23
4 9 8 13 18 23
4 9 14 13 18 23
4 9 14 19 18 23
4 9 14 19 24 23
4 9 14 19 24
4 5 10 15 20 25
4 9 10 15 20 25
4 9 14 15 20 25
4 9 14 19 20 25
4 9 14 19 24 25
5 4 3 2 1
5 4 3 2
5 4 3
5 4
5 4 3 2 1 6
5 4 3 2 7 6
5 4 3 8 7 6
5 4 9 8 7 6
5 10 9 8 7 6
5 4 3 2 7
5 4 3 8 7
5 4 9 8 7
5 10 9 8 7
5 4 3 8
5 4 9 8
5 10 9 8
5 4 9
5 10 9
5 10
5 4 3 2 1 6 11
5 4 3 2 7 6 11
5 4 3 2 7 12 11
5 4 3 8 7 6 11
5 4 3 8 7 12 11
5 4 3 8 13 12 11
5 4 9 8 7 6 11
5 4 9 8 7 12 11
5 4 9 8 13 12 11
5 4 9 14 13 12 11
5 10 9 8 7 6 11
5 10 9 8 7 12 11
5 10 9 8 13 12 11
5 10 9 14 13 12 11
5 10 15 14 13 12 11
5 4 3 2 7 12
5 4 3 8 7 12
5 4 3 8 13 12
5 4 9 8 7 12
5 4 9 8 13 12
5 4 9 14 13 12
5 10 9 8 7 12
5 10 9 8 13 12
5 10 9 14 13 12
5 10 15 14 13 12
5 4 3 8 13
5 4 9 8 13
5 4 9 14 13
5 10 9 8 13
5 10 9 14 13
5 10 15 14 13
5 4 9 14
5 10 9 14
5 10 15 14
5 10 15
5 4 3 2 1 6 11 16
5 4 3 2 7 6 11 16
5 4 3 2 7 12 11 16
5 4 3 2 7 12 17 16
5 4 3 8 7 6 11 16
5 4 3 8 7 12 11 16
5 4 3 8 7 12 17 16
5 4 3 8 13 12 11 16
5 4 3 8 13 12 17 16
5 4 3 8 13 18 17 16
5 4 9 8 7 6 11 16
5 4 9 8 7 12 11 16
5 4 9 8 7 12 17 16
5 4 9 8 13 12 11 16
5 4 9 8 13 12 17 16
5 4 9 8 13 18 17 16
5 4 9 14 13 12 11 16
5 4 9 14 13 12 17 16
5 4 9 14 13 18 17 16
5 4 9 14 19 18 17 16
5 10 9 8 7 6 11 16
5 10 9 8 7 12 11 16
5 10 9 8 7 12 17 16
5 10 9 8 13 12 11 16
5 10 9 8 13 12 17 16
5 10 9 8 13 18 17 16
5 10 9 14 13 12 11 16
5 10 9 14 13 12 17 16
5 10 9 14 13 18 17 16
5 10 9 14 19 18 17 16
5 10 15 14 13 12 11 16
5 10 15 14 13 12 17 16
5 10 15 14 13 18 17 16
5 10 15 14 19 18 17 16
5 10 15 20 19 18 17 16
5 4 3 2 7 12 17
5 4 3 8 7 12 17
5 4 3 8 13 12 17
5 4 3 8 13 18 17
5 4 9 8 7 12 17
5 4 9 8 13 12 17
5 4 9 8 13 18 17
5 4 9 14 13 12 17
5 4 9 14 13 18 17
5 4 9 14 19 18 17
5 10 9 8 7 12 17
5 10 9 8 13 12 17
5 10 9 8 13 18 17
5 10 9 14 13 12 17
5 10 9 14 13 18 17
5 10 9 14 19 18 17
5 10 15 14 13 12 17
5 10 15 14 13 18 17
5 10 15 14 19 18 17
5 10 15 20 19 18 17
5 4 3 8 13 18
5 4 9 8 13 18
5 4 9 14 13 18
5 4 9 14 19 18
5 10 9 8 13 18
5 10 9 14 13 18
5 10 9 14 19 18
5 10 15 14 13 18
5 10 15 14 19 18
5 10 15 20 19 18
5 4 9 14 19
5 10 9 14 19
5 10 15 14 19
5 10 15 20 19
5 10 15 20
5 4 3 2 1 6 11 16 21
5 4 3 2 7 6 11 16 21
5 4 3 2 7 12 11 16 21
5 4 3 2 7 12 17 16 21
5 4 3 2 7 12 17 22 21
5 4 3 8 7 6 11 16 21
5 4 3 8 7 12 11 16 21
5 4 3 8 7 12 17 16 21
5 4 3 8 7 12 17 22 21
5 4 3 8 13 12 11 16 21
5 4 3 8 13 12 17 16 21
5 4 3 8 13 12 17 22 21
5 4 3 8 13 18 17 16 21
5 4 3 8 13 18 17 22 21
5 4 3 8 13 18 23 22 21
5 4 9 8 7 6 11 16 21
5 4 9 8 7 12 11 16 21
5 4 9 8 7 12 17 16 21
5 4 9 8 7 12 17 22 21
5 4 9 8 13 12 11 16 21
5 4 9 8 13 12 17 16 21
5 4 9 8 13 12 17 22 21
5 4 9 8 13 18 17 16 21
5 4 9 8 13 18 17 22 21
5 4 9 8 13 18 23 22 21
5 4 9 14 13 12 11 16 21
5 4 9 14 13 12 17 16 21
5 4 9 14 13 12 17 22 21
5 4 9 14 13 18 17 16 21
5 4 9 14 13 18 17 22 21
5 4 9 14 13 18 23 22 21
5 4 9 14 19 18 17 16 21
5 4 9 14 19 18 17 22 21
5 4 9 14 19 18 23 22 21
5 4 9 14 19 24 23 22 21
5 10 9 8 7 6 11 16 21
5 10 9 8 7 12 11 16 21
5 10 9 8 7 12 17 16 21
5 10 9 8 7 12 17 22 21
5 10 9 8 13 12 11 16 21
5 10 9 8 13 12 17 16 21
5 10 9 8 13 12 17 22 21
5 10 9 8 13 18 17 16 21
5 10 9 8 13 18 17 22 21
5 10 9 8 13 18 23 22 21
5 10 9 14 13 12 11 16 21
5 10 9 14 13 12 17 16 21
5 10 9 14 13 12 17 22 21
5 10 9 14 13 18 17 16 21
5 10 9 14 13 18 17 22 21
5 10 9 14 13 18 23 22 21
5 10 9 14 19 18 17 16 21
5 10 9 14 19 18 17 22 21
5 10 9 14 19 18 23 22 21
5 10 9 14 19 24 23 22 21
5 10 15 14 13 12 11 16 21
5 10 15 14 13 12 17 16 21
5 10 15 14 13 12 17 22 21
5 10 15 14 13 18 17 16 21
5 10 15 14 13 18 17 22 21
5 10 15 14 13 18 23 22 21
5 10 15 14 19 18 17 16 21
5 10 15 14 19 18 17 22 21
5 10 15 14 19 18 23 22 21
5 10 15 14 19 24 23 22 21
5 10 15 20 19 18 17 16 21
5 10 15 20 19 18 17 22 21
5 10 15 20 19 18 23 22 21
5 10 15 20 19 24 23 22 21
5 10 15 20 25 24 23 22 21
5 4 3 2 7 12 17 22
5 4 3 8 7 12 17 22
5 4 3 8 13 12 17 22
5 4 3 8 13 18 17 22
5 4 3 8 13 18 23 22
5 4 9 8 7 12 17 22
5 4 9 8 13 12 17 22
5 4 9 8 13 18 17 22
5 4 9 8 13 18 23 22
5 4 9 14 13 12 17 22
5 4 9 14 13 18 17 22
5 4 9 14 13 18 23 22
5 4 9 14 19 18 17 22
5 4 9 14 19 18 23 22
5 4 9 14 19 24 23 22
5 10 9 8 7 12 17 22
5 10 9 8 13 12 17 22
5 10 9 8 13 18 17 22
5 10 9 8 13 18 23 22
5 10 9 14 13 12 17 22
5 10 9 14 13 18 17 22
5 10 9 14 13 18 23 22
5 10 9 14 19 18 17 22
5 10 9 14 19 18 23 22
5 10 9 14 19 24 23 22
5 10 15 14 13 12 17 22
5 10 15 14 13 18 17 22
5 10 15 14 13 18 23 22
5 10 15 14 19 18 17 22
5 10 15 14 19 18 23 22
5 10 15 14 19 24 23 22
5 10 15 20 19 18 17 22
5 10 15 20 19 18 23 22
5 10 15 20 19 24 23 22
5 10 15 20 25 24 23 22
5 4 3 8 13 18 23
5 4 9 8 13 18 23
5 4 9 14 13 18 23
5 4 9 14 19 18 23
5 4 9 14 19 24 23
5 10 9 8 13 18 23
5 10 9 14 13 18 23
5 10 9 14 19 18 23
5 10 9 14 19 24 23
5 10 15 14 13 18 23
5 10 15 14 19 18 23
5 10 15 14 19 24 23
5 10 15 20 19 18 23
5 10 15 20 19 24 23
5 10 15 20 25 24 23
5 4 9 14 19 24
5 10 9 14 19 24
5 10 15 14 19 24
5 10 15 20 19 24
5 10 15 20 25 24
5 10 15 20 25
6 1
6 7 2
6 1 2
6 7 8 3
6 7 2 3
6 1 2 3
6 7 8 9 4
6 7 8 3 4
6 7 2 3 4
6 1 2 3 4
6 7 8 9 10 5
6 7 8 9 4 5
6 7 8 3 4 5
6 7 2 3 4 5
6 1 2 3 4 5
6 7
6 7 8
6 7 8 9
6 7 8 9 10
6 11
6 7 12
6 11 12
6 7 8 13
6 7 12 13
6 11 12 13
6 7 8 9 14
6 7 8 13 14
6 7 12 13 14
6 11 12 13 14
6 7 8 9 10 15
6 7 8 9 14 15
6 7 8 13 14 15
6 7 12 13 14 15
6 11 12 13 14 15
6 11 16
6 7 12 17
6 11 12 17
6 11 16 17
6 7 8 13 18
6 7 12 13 18
6 7 12 17 18
6 11 12 13 18
6 11 12 17 18
6 11 16 17 18
6 7 8 9 14 19
6 7 8 13 14 19
6 7 8 13 18 19
6 7 12 13 14 19
6 7 12 13 18 19
6 7 12 17 18 19
6 11 12 13 14 19
6 11 12 13 18 19
6 11 12 17 18 19
6 11 16 17 18 19
6 7 8 9 10 15 20
6 7 8 9 14 15 20
6 7 8 9 14 19 20
6 7 8 13 14 15 20
6 7 8 13 14 19 20
6 7 8 13 18 19 20
6 7 12 13 14 15 20
6 7 12 13 14 19 20
6 7 12 13 18 19 20
6 7 12 17 18 19 20
6 11 12 13 14 15 20
6 11 12 13 14 19 20
6 11 12 13 18 19 20
6 11 12 17 18 19 20
6 11 16 17 18 19 20
6 11 16 21
6 7 12 17 22
6 11 12 17 22
6 11 16 17 22
6 11 16 21 22
6 7 8 13 18 23
6 7 12 13 18 23
6 7 12 17 18 23
6 7 12 17 22 23
6 11 12 13 18 23
6 11 12 17 18 23
6 11 12 17 22 23
6 11 16 17 18 23
6 11 16 17 22 23
6 11 16 21 22 23
6 7 8 9 14 19 24
6 7 8 13 14 19 24
6 7 8 13 18 19 24
6 7 8 13 18 23 24
6 7 12 13 14 19 24
6 7 12 13 18 19 24
6 7 12 13 18 23 24
6 7 12 17 18 19 24
6 7 12 17 18 23 24
6 7 12 17 22 23 24
6 11 12 13 14 19 24
6 11 12 13 18 19 24
6 11 12 13 18 23 24
6 11 12 17 18 19 24
6 11 12 17 18 23 24
6 11 12 17 22 23 24
6 11 16 17 18 19 24
6 11 16 17 18 23 24
6 11 16 17 22 23 24
6 11 16 21 22 23 24
6 7 8 9 10 15 20 25
6 7 8 9 14 15 20 25
6 7 8 9 14 19 20 25
6 7 8 9 14 19 24 25
6 7 8 13 14 15 20 25
6 7 8 13 14 19 20 25
6 7 8 13 14 19 24 25
6 7 8 13 18 19 20 25
6 7 8 13 18 19 24 25
6 7 8 13 18 23 24 25
6 7 12 13 14 15 20 25
6 7 12 13 14 19 20 25
6 7 12 13 14 19 24 25
6 7 12 13 18 19 20 25
6 7 12 13 18 19 24 25
6 7 12 13 18 23 24 25
6 7 12 17 18 19 20 25
6 7 12 17 18 19 24 25
6 7 12 17 18 23 24 25
6 7 12 17 22 23 24 25
6 11 12 13 14 15 20 25
6 11 12 13 14 19 20 25
6 11 12 13 14 19 24 25
6 11 12 13 18 19 20 25
6 11 12 13 18 19 24 25
6 11 12 13 18 23 24 25
6 11 12 17 18 19 20 25
6 11 12 17 18 19 24 25
6 11 12 17 18 23 24 25
6 11 12 17 22 23 24 25
6 11 16 17 18 19 20 25
6 11 16 17 18 19 24 25
6 11 16 17 18 23 24 25
6 11 16 17 22 23 24 25
6 11 16 21 22 23 24 25
7 6 1
7 2 1
7 2
7 8 3
7 2 3
7 8 9 4
7 8 3 4
7 2 3 4
7 8 9 10 5
7 8 9 4 5
7 8 3 4 5
7 2 3 4 5
7 6
7 8
7 8 9
7 8 9 10
7 6 11
7 12 11
7 12
7 8 13
7 12 13
7 8 9 14
7 8 13 14
7 12 13 14
7 8 9 10 15
7 8 9 14 15
7 8 13 14 15
7 12 13 14 15
7 6 11 16
7 12 11 16
7 12 17 16
7 12 17
7 8 13 18
7 12 13 18
7 12 17 18
7 8 9 14 19
7 8 13 14 19
7 8 13 18 19
7 12 13 14 19
7 12 13 18 19
7 12 17 18 19
7 8 9 10 15 20
7 8 9 14 15 20
7 8 9 14 19 20
7 8 13 14 15 20
7 8 13 14 19 20
7 8 13 18 19 20
7 12 13 14 15 20
7 12 13 14 19 20
7 12 13 18 19 20
7 12 17 18 19 20
7 6 11 16 21
7 12 11 16 21
7 12 17 16 21
7 12 17 22 21
7 12 17 22
7 8 13 18 23
7 12 13 18 23
7 12 17 18 23
7 12 17 22 23
7 8 9 14 19 24
7 8 13 14 19 24
7 8 13 18 19 24
7 8 13 18 23 24
7 12 13 14 19 24
7 12 13 18 19 24
7 12 13 18 23 24
7 12 17 18 19 24
7 12 17 18 23 24
7 12 17 22 23 24
7 8 9 10 15 20 25
7 8 9 14 15 20 25
7 8 9 14 19 20 25
7 8 9 14 19 24 25
7 8 13 14 15 20 25
7 8 13 14 19 20 25
7 8 13 14 19 24 25
7 8 13 18 19 20 25
7 8 13 18 19 24 25
7 8 13 18 23 24 25
7 12 13 14 15 20 25
7 12 13 14 19 20 25
7 12 13 14 19 24 25
7 12 13 18 19 20 25
7 12 13 18 19 24 25
7 12 13 18 23 24 25
7 12 17 18 19 20 25
7 12 17 18 19 24 25
7 12 17 18 23 24 25
7 12 17 22 23 24 25
8 7 6 1
8 7 2 1
8 3 2 1
8 7 2
8 3 2
8 3
8 9 4
8 3 4
8 9 10 5
8 9 4 5
8 3 4 5
8 7 6
8 7
8 9
8 9 10
8 7 6 11
8 7 12 11
8 13 12 11
8 7 12
8 13 12
8 13
8 9 14
8 13 14
8 9 10 15
8 9 14 15
8 13 14 15
8 7 6 11 16
8 7 12 11 16
8 7 12 17 16
8 13 12 11 16
8 13 12 17 16
8 13 18 17 16
8 7 12 17
8 13 12 17
8 13 18 17
8 13 18
8 9 14 19
8 13 14 19
8 13 18 19
8 9 10 15 20
8 9 14 15 20
8 9 14 19 20
8 13 14 15 20
8 13 14 19 20
8 13 18 19 20
8 7 6 11 16 21
8 7 12 11 16 21
8 7 12 17 16 21
8 7 12 17 22 21
8 13 12 11 16 21
8 13 12 17 16 21
8 13 12 17 22 21
8 13 18 17 16 21
8 13 18 17 22 21
8 13 18 23 22 21
8 7 12 17 22
8 13 12 17 22
8 13 18 17 22
8 13 18 23 22
8 13 18 23
8 9 14 19 24
8 13 14 19 24
8 13 18 19 24
8 13 18 23 24
8 9 10 15 20 25
8 9 14 15 20 25
8 9 14 19 20 25
8 9 14 19 24 25
8 13 14 15 20 25
8 13 14 19 20 25
8 13 14 19 24 25
8 13 18 19 20 25
8 13 18 19 24 25
8 13 18 23 24 25
9 8 7 6 1
9 8 7 2 1
9 8 3 2 1
9 4 3 2 1
9 8 7 2
9 8 3 2
9 4 3 2
9 8 3
9 4 3
9 4
9 10 5
9 4 5
9 8 7 6
9 8 7
9 8
9 10
9 8 7 6 11
9 8 7 12 11
9 8 13 12 11
9 14 13 12 11
9 8 7 12
9 8 13 12
9 14 13 12
9 8 13
9 14 13
9 14
9 10 15
9 14 15
9 8 7 6 11 16
9 8 7 12 11 16
9 8 7 12 17 16
9 8 13 12 11 16
9 8 13 12 17 16
9 8 13 18 17 16
9 14 13 12 11 16
9 14 13 12 17 16
9 14 13 18 17 16
9 14 19 18 17 16
9 8 7 12 17
9 8 13 12 17
9 8 13 18 17
9 14 13 12 17
9 14 13 18 17
9 14 19 18 17
9 8 13 18
9 14 13 18
9 14 19 18
9 14 19
9 10 15 20
9 14 15 20
9 14 19 20
9 8 7 6 11 16 21
9 8 7 12 11 16 21
9 8 7 12 17 16 21
9 8 7 12 17 22 21
9 8 13 12 11 16 21
9 8 13 12 17 16 21
9 8 13 12 17 22 21
9 8 13 18 17 16 21
9 8 13 18 17 22 21
9 8 13 18 23 22 21
9 14 13 12 11 16 21
9 14 13 12 17 16 21
9 14 13 12 17 22 21
9 14 13 18 17 16 21
9 14 13 18 17 22 21
9 14 13 18 23 22 21
9 14 19 18 17 16 21
9 14 19 18 17 22 21
9 14 19 18 23 22 21
9 14 19 24 23 22 21
9 8 7 12 17 22
9 8 13 12 17 22
9 8 13 18 17 22
9 8 13 18 23 22
9 14 13 12 17 22
9 14 13 18 17 22
9 14 13 18 23 22
9 14 19 18 17 22
9 14 19 18 23 22
9 14 19 24 23 22
9 8 13 18 23
9 14 13 18 23
9 14 19 18 23
9 14 19 24 23
9 14 19 24
9 10 15 20 25
9 14 15 20 25
9 14 19 20 25
9 14 19 24 25
10 9 8 7 6 1
10 9 8 7 2 1
10 9 8 3 2 1
10 9 4 3 2 1
10 5 4 3 2 1
10 9 8 7 2
10 9 8 3 2
10 9 4 3 2
10 5 4 3 2
10 9 8 3
10 9 4 3
10 5 4 3
10 9 4
10 5 4
10 5
10 9 8 7 6
10 9 8 7
10 9 8
10 9
10 9 8 7 6 11
10 9 8 7 12 11
10 9 8 13 12 11
10 9 14 13 12 11
10 15 14 13 12 11
10 9 8 7 12
10 9 8 13 12
10 9 14 13 12
10 15 14 13 12
10 9 8 13
10 9 14 13
10 15 14 13
10 9 14
10 15 14
10 15
10 9 8 7 6 11 16
10 9 8 7 12 11 16
10 9 8 7 12 17 16
10 9 8 13 12 11 16
10 9 8 13 12 17 16
10 9 8 13 18 17 16
10 9 14 13 12 11 16
10 9 14 13 12 17 16
10 9 14 13 18 17 16
10 9 14 19 18 17 16
10 15 14 13 12 11 16
10 15 14 13 12 17 16
10 15 14 13 18 17 16
10 15 14 19 18 17 16
10 15 20 19 18 17 16
10 9 8 7 12 17
10 9 8 13 12 17
10 9 8 13 18 17
10 9 14 13 12 17
10 9 14 13 18 17
10 9 14 19 18 17
10 15 14 13 12 17
10 15 14 13 18 17
10 15 14 19 18 17
10 15 20 19 18 17
10 9 8 13 18
10 9 14 13 18
10 9 14 19 18
10 15 14 13 18
10 15 14 19 18
10 15 20 19 18
10 9 14 19
10 15 14 19
10 15 20 19
10 15 20
10 9 8 7 6 11 16 21
10 9 8 7 12 11 16 21
10 9 8 7 12 17 16 21
10 9 8 7 12 17 22 21
10 9 8 13 12 11 16 21
10 9 8 13 12 17 16 21
10 9 8 13 12 17 22 21
10 9 8 13 18 17 16 21
10 9 8 13 18 17 22 21
10 9 8 13 18 23 22 21
10 9 14 13 12 11 16 21
10 9 14 13 12 17 16 21
10 9 14 13 12 17 22 21
10 9 14 13 18 17 16 21
10 9 14 13 18 17 22 21
10 9 14 13 18 23 22 21
10 9 14 19 18 17 16 21
10 9 14 19 18 17 22 21
10 9 14 19 18 23 22 21
10 9 14 19 24 23 22 21
10 15 14 13 12 11 16 21
10 15 14 13 12 17 16 21
10 15 14 13 12 17 22 21
10 15 14 13 18 17 16 21
10 15 14 13 18 17 22 21
10 15 14 13 18 23 22 21
10 15 14 19 18 17 16 21
10 15 14 19 18 17 22 21
10 15 14 19 18 23 22 21
10 15 14 19 24 23 22 21
10 15 20 19 18 17 16 21
10 15 20 19 18 17 22 21
10 15 20 19 18 23 22 21
10 15 20 19 24 23 22 21
10 15 20 25 24 23 22 21
10 9 8 7 12 17 22
10 9 8 13 12 17 22
10 9 8 13 18 17 22
10 9 8 13 18 23 22
10 9 14 13 12 17 22
10 9 14 13 18 17 22
10 9 14 13 18 23 22
10 9 14 19 18 17 22
10 9 14 19 18 23 22
10 9 14 19 24 23 22
10 15 14 13 12 17 22
10 15 14 13 18 17 22
10 15 14 13 18 23 22
10 15 14 19 18 17 22
10 15 14 19 18 23 22
10 15 14 19 24 23 22
10 15 20 19 18 17 22
10 15 20 19 18 23 22
10 15 20 19 24 23 22
10 15 20 25 24 23 22
10 9 8 13 18 23
10 9 14 13 18 23
10 9 14 19 18 23
10 9 14 19 24 23
10 15 14 13 18 23
10 15 14 19 18 23
10 15 14 19 24 23
10 15 20 19 18 23
10 15 20 19 24 23
10 15 20 25 24 23
10 9 14 19 24
10 15 14 19 24
10 15 20 19 24
10 15 20 25 24
10 15 20 25
11 6 1
11 12 7 2
11 6 7 2
11 6 1 2
11 12 13 8 3
11 12 7 8 3
11 12 7 2 3
11 6 7 8 3
11 6 7 2 3
11 6 1 2 3
11 12 13 14 9 4
11 12 13 8 9 4
11 12 13 8 3 4
11 12 7 8 9 4
11 12 7 8 3 4
11 12 7 2 3 4
11 6 7 8 9 4
11 6 7 8 3 4
11 6 7 2 3 4
11 6 1 2 3 4
11 12 13 14 15 10 5
11 12 13 14 9 10 5
11 12 13 14 9 4 5
11 12 13 8 9 10 5
11 12 13 8 9 4 5
11 12 13 8 3 4 5
11 12 7 8 9 10 5
11 12 7 8 9 4 5
11 12 7 8 3 4 5
11 12 7 2 3 4 5
11 6 7 8 9 10 5
11 6 7 8 9 4 5
11 6 7 8 3 4 5
11 6 7 2 3 4 5
11 6 1 2 3 4 5
11 6
11 12 7
11 6 7
11 12 13 8
11 12 7 8
11 6 7 8
11 12 13 14 9
11 12 13 8 9
11 12 7 8 9
11 6 7 8 9
11 12 13 14 15 10
11 12 13 14 9 10
11 12 13 8 9 10
11 12 7 8 9 10
11 6 7 8 9 10
11 12
11 12 13
11 12 13 14
11 12 13 14 15
11 16
11 12 17
11 16 17
11 12 13 18
11 12 17 18
11 16 17 18
11 12 13 14 19
11 12 13 18 19
11 12 17 18 19
11 16 17 18 19
11 12 13 14 15 20
11 12 13 14 19 20
11 12 13 18 19 20
11 12 17 18 19 20
11 16 17 18 19 20
11 16 21
11 12 17 22
11 16 17 22
11 16 21 22
11 12 13 18 23
11 12 17 18 23
11 12 17 22 23
11 16 17 18 23
11 16 17 22 23
11 16 21 22 23
11 12 13 14 19 24
11 12 13 18 19 24
11 12 13 18 23 24
11 12 17 18 19 24
11 12 17 18 23 24
11 12 17 22 23 24
11 16 17 18 19 24
11 16 17 18 23 24
11 16 17 22 23 24
11 16 21 22 23 24
11 12 13 14 15 20 25
11 12 13 14 19 20 25
11 12 13 14 19 24 25
11 12 13 18 19 20 25
11 12 13 18 19 24 25
11 12 13 18 23 24 25
11 12 17 18 19 20 25
11 12 17 18 19 24 25
11 12 17 18 23 24 25
11 12 17 22 23 24 25
11 16 17 18 19 20 25
11 16 17 18 19 24 25
11 16 17 18 23 24 25
11 16 17 22 23 24 25
11 16 21 22 23 24 25
12 11 6 1
12 7 6 1
12 7 2 1
12 7 2
12 13 8 3
12 7 8 3
12 7 2 3
12 13 14 9 4
12 13 8 9 4
12 13 8 3 4
12 7 8 9 4
12 7 8 3 4
12 7 2 3 4
12 13 14 15 10 5
12 13 14 9 10 5
12 13 14 9 4 5
12 13 8 9 10 5
12 13 8 9 4 5
12 13 8 3 4 5
12 7 8 9 10 5
12 7 8 9 4 5
12 7 8 3 4 5
12 7 2 3 4 5
12 11 6
12 7 6
12 7
12 13 8
12 7 8
12 13 14 9
12 13 8 9
12 7 8 9
12 13 14 15 10
12 13 14 9 10
12 13 8 9 10
12 7 8 9 10
12 11
12 13
12 13 14
12 13 14 15
12 11 16
12 17 16
12 17
12 13 18
12 17 18
12 13 14 19
12 13 18 19
12 17 18 19
12 13 14 15 20
12 13 14 19 20
12 13 18 19 20
12 17 18 19 20
12 11 16 21
12 17 16 21
12 17 22 21
12 17 22
12 13 18 23
12 17 18 23
12 17 22 23
12 13 14 19 24
12 13 18 19 24
12 13 18 23 24
12 17 18 19 24
12 17 18 23 24
12 17 22 23 24
12 13 14 15 20 25
12 13 14 19 20 25
12 13 14 19 24 25
12 13 18 19 20 25
12 13 18 19 24 25
12 13 18 23 24 25
12 17 18 19 20 25
12 17 18 19 24 25
12 17 18 23 24 25
12 17 22 23 24 25
13 12 11 6 1
13 12 7 6 1
13 12 7 2 1
13 8 7 6 1
13 8 7 2 1
13 8 3 2 1
13 12 7 2
13 8 7 2
13 8 3 2
13 8 3
13 14 9 4
13 8 9 4
13 8 3 4
13 14 15 10 5
13 14 9 10 5
13 14 9 4 5
13 8 9 10 5
13 8 9 4 5
13 8 3 4 5
13 12 11 6
13 12 7 6
13 8 7 6
13 12 7
13 8 7
13 8
13 14 9
13 8 9
13 14 15 10
13 14 9 10
13 8 9 10
13 12 11
13 12
13 14
13 14 15
13 12 11 16
13 12 17 16
13 18 17 16
13 12 17
13 18 17
13 18
13 14 19
13 18 19
13 14 15 20
13 14 19 20
13 18 19 20
13 12 11 16 21
13 12 17 16 21
13 12 17 22 21
13 18 17 16 21
13 18 17 22 21
13 18 23 22 21
13 12 17 22
13 18 17 22
13 18 23 22
13 18 23
13 14 19 24
13 18 19 24
13 18 23 24
13 14 15 20 25
13 14 19 20 25
13 14 19 24 25
13 18 19 20 25
13 18 19 24 25
13 18 23 24 25
14 13 12 11 6 1
14 13 12 7 6 1
14 13 12 7 2 1
14 13 8 7 6 1
14 13 8 7 2 1
14 13 8 3 2 1
14 9 8 7 6 1
14 9 8 7 2 1
14 9 8 3 2 1
14 9 4 3 2 1
14 13 12 7 2
14 13 8 7 2
14 13 8 3 2
14 9 8 7 2
14 9 8 3 2
14 9 4 3 2
14 13 8 3
14 9 8 3
14 9 4 3
14 9 4
14 15 10 5
14 9 10 5
14 9 4 5
14 13 12 11 6
14 13 12 7 6
14 13 8 7 6
14 9 8 7 6
14 13 12 7
14 13 8 7
14 9 8 7
14 13 8
14 9 8
14 9
14 15 10
14 9 10
14 13 12 11
14 13 12
14 13
14 15
14 13 12 11 16
14 13 12 17 16
14 13 18 17 16
14 19 18 17 16
14 13 12 17
14 13 18 17
14 19 18 17
14 13 18
14 19 18
14 19
14 15 20
14 19 20
14 13 12 11 16 21
14 13 12 17 16 21
14 13 12 17 22 21
14 13 18 17 16 21
14 13 18 17 22 21
14 13 18 23 22 21
14 19 18 17 16 21
14 19 18 17 22 21
14 19 18 23 22 21
14 19 24 23 22 21
14 13 12 17 22
14 13 18 17 22
14 13 18 23 22
14 19 18 17 22
14 19 18 23 22
14 19 24 23 22
14 13 18 23
14 19 18 23
14 19 24 23
14 19 24
14 15 20 25
14 19 20 25
14 19 24 25
15 14 13 12 11 6 1
15 14 13 12 7 6 1
15 14 13 12 7 2 1
15 14 13 8 7 6 1
15 14 13 8 7 2 1
15 14 13 8 3 2 1
15 14 9 8 7 6 1
15 14 9 8 7 2 1
15 14 9 8 3 2 1
15 14 9 4 3 2 1
15 10 9 8 7 6 1
15 10 9 8 7 2 1
15 10 9 8 3 2 1
15 10 9 4 3 2 1
15 10 5 4 3 2 1
15 14 13 12 7 2
15 14 13 8 7 2
15 14 13 8 3 2
15 14 9 8 7 2
15 14 9 8 3 2
15 14 9 4 3 2
15 10 9 8 7 2
15 10 9 8 3 2
15 10 9 4 3 2
15 10 5 4 3 2
15 14 13 8 3
15 14 9 8 3
15 14 9 4 3
15 10 9 8 3
15 10 9 4 3
15 10 5 4 3
15 14 9 4
15 10 9 4
15 10 5 4
15 10 5
15 14 13 12 11 6
15 14 13 12 7 6
15 14 13 8 7 6
15 14 9 8 7 6
15 10 9 8 7 6
15 14 13 12 7
15 14 13 8 7
15 14 9 8 7
15 10 9 8 7
15 14 13 8
15 14 9 8
15 10 9 8
15 14 9
15 10 9
15 10
15 14 13 12 11
15 14 13 12
15 14 13
15 14
15 14 13 12 11 16
15 14 13 12 17 16
15 14 13 18 17 16
15 14 19 18 17 16
15 20 19 18 17 16
15 14 13 12 17
15 14 13 18 17
15 14 19 18 17
15 20 19 18 17
15 14 13 18
15 14 19 18
15 20 19 18
15 14 19
15 20 19
15 20
15 14 13 12 11 16 21
15 14 13 12 17 16 21
15 14 13 12 17 22 21
15 14 13 18 17 16 21
15 14 13 18 17 22 21
15 14 13 18 23 22 21
15 14 19 18 17 16 21
15 14 19 18 17 22 21
15 14 19 18 23 22 21
15 14 19 24 23 22 21
15 20 19 18 17 16 21
15 20 19 18 17 22 21
15 20 19 18 23 22 21
15 20 19 24 23 22 21
15 20 25 24 23 22 21
15 14 13 12 17 22
15 14 13 18 17 22
15 14 13 18 23 22
15 14 19 18 17 22
15 14 19 18 23 22
15 14 19 24 23 22
15 20 19 18 17 22
15 20 19 18 23 22
15 20 19 24 23 22
15 20 25 24 23 22
15 14 13 18 23
15 14 19 18 23
15 14 19 24 23
15 20 19 18 23
15 20 19 24 23
15 20 25 24 23
15 14 19 24
15 20 19 24
15 20 25 24
15 20 25
16 11 6 1
16 17 12 7 2
16 11 12 7 2
16 11 6 7 2
16 11 6 1 2
16 17 18 13 8 3
16 17 12 13 8 3
16 17 12 7 8 3
16 17 12 7 2 3
16 11 12 13 8 3
16 11 12 7 8 3
16 11 12 7 2 3
16 11 6 7 8 3
16 11 6 7 2 3
16 11 6 1 2 3
16 17 18 19 14 9 4
16 17 18 13 14 9 4
16 17 18 13 8 9 4
16 17 18 13 8 3 4
16 17 12 13 14 9 4
16 17 12 13 8 9 4
16 17 12 13 8 3 4
16 17 12 7 8 9 4
16 17 12 7 8 3 4
16 17 12 7 2 3 4
16 11 12 13 14 9 4
16 11 12 13 8 9 4
16 11 12 13 8 3 4
16 11 12 7 8 9 4
16 11 12 7 8 3 4
16 11 12 7 2 3 4
16 11 6 7 8 9 4
16 11 6 7 8 3 4
16 11 6 7 2 3 4
16 11 6 1 2 3 4
16 17 18 19 20 15 10 5
16 17 18 19 14 15 10 5
16 17 18 19 14 9 10 5
16 17 18 19 14 9 4 5
16 17 18 13 14 15 10 5
16 17 18 13 14 9 10 5
16 17 18 13 14 9 4 5
16 17 18 13 8 9 10 5
16 17 18 13 8 9 4 5
16 17 18 13 8 3 4 5
16 17 12 13 14 15 10 5
16 17 12 13 14 9 10 5
16 17 12 13 14 9 4 5
16 17 12 13 8 9 10 5
16 17 12 13 8 9 4 5
16 17 12 13 8 3 4 5
16 17 12 7 8 9 10 5
16 17 12 7 8 9 4 5
16 17 12 7 8 3 4 5
16 17 12 7 2 3 4 5
16 11 12 13 14 15 10 5
16 11 12 13 14 9 10 5
16 11 12 13 14 9 4 5
16 11 12 13 8 9 10 5
16 11 12 13 8 9 4 5
16 11 12 13 8 3 4 5
16 11 12 7 8 9 10 5
16 11 12 7 8 9 4 5
16 11 12 7 8 3 4 5
16 11 12 7 2 3 4 5
16 11 6 7 8 9 10 5
16 11 6 7 8 9 4 5
16 11 6 7 8 3 4 5
16 11 6 7 2 3 4 5
16 11 6 1 2 3 4 5
16 11 6
16 17 12 7
16 11 12 7
16 11 6 7
16 17 18 13 8
16 17 12 13 8
16 17 12 7 8
16 11 12 13 8
16 11 12 7 8
16 11 6 7 8
16 17 18 19 14 9
16 17 18 13 14 9
16 17 18 13 8 9
16 17 12 13 14 9
16 17 12 13 8 9
16 17 12 7 8 9
16 11 12 13 14 9
16 11 12 13 8 9
16 11 12 7 8 9
16 11 6 7 8 9
16 17 18 19 20 15 10
16 17 18 19 14 15 10
16 17 18 19 14 9 10
16 17 18 13 14 15 10
16 17 18 13 14 9 10
16 17 18 13 8 9 10
16 17 12 13 14 15 10
16 17 12 13 14 9 10
16 17 12 13 8 9 10
16 17 12 7 8 9 10
16 11 12 13 14 15 10
16 11 12 13 14 9 10
16 11 12 13 8 9 10
16 11 12 7 8 9 10
16 11 6 7 8 9 10
16 11
16 17 12
16 11 12
16 17 18 13
16 17 12 13
16 11 12 13
16 17 18 19 14
16 17 18 13 14
16 17 12 13 14
16 11 12 13 14
16 17 18 19 20 15
16 17 18 19 14 15
16 17 18 13 14 15
16 17 12 13 14 15
16 11 12 13 14 15
16 17
16 17 18
16 17 18 19
16 17 18 19 20
16 21
16 17 22
16 21 22
16 17 18 23
16 17 22 23
16 21 22 23
16 17 18 19 24
16 17 18 23 24
16 17 22 23 24
16 21 22 23 24
16 17 18 19 20 25
16 17 18 19 24 25
16 17 18 23 24 25
16 17 22 23 24 25
16 21 22 23 24 25
17 16 11 6 1
17 12 11 6 1
17 12 7 6 1
17 12 7 2 1
17 12 7 2
17 18 13 8 3
17 12 13 8 3
17 12 7 8 3
17 12 7 2 3
17 18 19 14 9 4
17 18 13 14 9 4
17 18 13 8 9 4
17 18 13 8 3 4
17 12 13 14 9 4
17 12 13 8 9 4
17 12 13 8 3 4
17 12 7 8 9 4
17 12 7 8 3 4
17 12 7 2 3 4
17 18 19 20 15 10 5
17 18 19 14 15 10 5
17 18 19 14 9 10 5
17 18 19 14 9 4 5
17 18 13 14 15 10 5
17 18 13 14 9 10 5
17 18 13 14 9 4 5
17 18 13 8 9 10 5
17 18 13 8 9 4 5
17 18 13 8 3 4 5
17 12 13 14 15 10 5
17 12 13 14 9 10 5
17 12 13 14 9 4 5
17 12 13 8 9 10 5
17 12 13 8 9 4 5
17 12 13 8 3 4 5
17 12 7 8 9 10 5
17 12 7 8 9 4 5
17 12 7 8 3 4 5
17 12 7 2 3 4 5
17 16 11 6
17 12 11 6
17 12 7 6
17 12 7
17 18 13 8
17 12 13 8
17 12 7 8
17 18 19 14 9
17 18 13 14 9
17 18 13 8 9
17 12 13 14 9
17 12 13 8 9
17 12 7 8 9
17 18 19 20 15 10
17 18 19 14 15 10
17 18 19 14 9 10
17 18 13 14 15 10
17 18 13 14 9 10
17 18 13 8 9 10
17 12 13 14 15 10
17 12 13 14 9 10
17 12 13 8 9 10
17 12 7 8 9 10
17 16 11
17 12 11
17 12
17 18 13
17 12 13
17 18 19 14
17 18 13 14
17 12 13 14
17 18 19 20 15
17 18 19 14 15
17 18 13 14 15
17 12 13 14 15
17 16
17 18
17 18 19
17 18 19 20
17 16 21
17 22 21
17 22
17 18 23
17 22 23
17 18 19 24
17 18 23 24
17 22 23 24
17 18 19 20 25
17 18 19 24 25
17 18 23 24 25
17 22 23 24 25
18 17 16 11 6 1
18 17 12 11 6 1
18 17 12 7 6 1
18 17 12 7 2 1
18 13 12 11 6 1
18 13 12 7 6 1
18 13 12 7 2 1
18 13 8 7 6 1
18 13 8 7 2 1
18 13 8 3 2 1
18 17 12 7 2
18 13 12 7 2
18 13 8 7 2
18 13 8 3 2
18 13 8 3
18 19 14 9 4
18 13 14 9 4
18 13 8 9 4
18 13 8 3 4
18 19 20 15 10 5
18 19 14 15 10 5
18 19 14 9 10 5
18 19 14 9 4 5
18 13 14 15 10 5
18 13 14 9 10 5
18 13 14 9 4 5
18 13 8 9 10 5
18 13 8 9 4 5
18 13 8 3 4 5
18 17 16 11 6
18 17 12 11 6
18 17 12 7 6
18 13 12 11 6
18 13 12 7 6
18 13 8 7 6
18 17 12 7
18 13 12 7
18 13 8 7
18 13 8
18 19 14 9
18 13 14 9
18 13 8 9
18 19 20 15 10
18 19 14 15 10
18 19 14 9 10
18 13 14 15 10
18 13 14 9 10
18 13 8 9 10
18 17 16 11
18 17 12 11
18 13 12 11
18 17 12
18 13 12
18 13
18 19 14
18 13 14
18 19 20 15
18 19 14 15
18 13 14 15
18 17 16
18 17
18 19
18 19 20
18 17 16 21
18 17 22 21
18 23 22 21
18 17 22
18 23 22
18 23
18 19 24
18 23 24
18 19 20 25
18 19 24 25
18 23 24 25
19 18 17 16 11 6 1
19 18 17 12 11 6 1
19 18 17 12 7 6 1
19 18 17 12 7 2 1
19 18 13 12 11 6 1
19 18 13 12 7 6 1
19 18 13 12 7 2 1
19 18 13 8 7 6 1
19 18 13 8 7 2 1
19 18 13 8 3 2 1
19 14 13 12 11 6 1
19 14 13 12 7 6 1
19 14 13 12 7 2 1
19 14 13 8 7 6 1
19 14 13 8 7 2 1
19 14 13 8 3 2 1
19 14 9 8 7 6 1
19 14 9 8 7 2 1
19 14 9 8 3 2 1
19 14 9 4 3 2 1
19 18 17 12 7 2
19 18 13 12 7 2
19 18 13 8 7 2
19 18 13 8 3 2
19 14 13 12 7 2
19 14 13 8 7 2
19 14 13 8 3 2
19 14 9 8 7 2
19 14 9 8 3 2
19 14 9 4 3 2
19 18 13 8 3
19 14 13 8 3
19 14 9 8 3
19 14 9 4 3
19 14 9 4
19 20 15 10 5
19 14 15 10 5
19 14 9 10 5
19 14 9 4 5
19 18 17 16 11 6
19 18 17 12 11 6
19 18 17 12 7 6
19 18 13 12 11 6
19 18 13 12 7 6
19 18 13 8 7 6
19 14 13 12 11 6
19 14 13 12 7 6
19 14 13 8 7 6
19 14 9 8 7 6
19 18 17 12 7
19 18 13 12 7
19 18 13 8 7
19 14 13 12 7
19 14 13 8 7
19 14 9 8 7
19 18 13 8
19 14 13 8
19 14 9 8
19 14 9
19 20 15 10
19 14 15 10
19 14 9 10
19 18 17 16 11
19 18 17 12 11
19 18 13 12 11
19 14 13 12 11
19 18 17 12
19 18 13 12
19 14 13 12
19 18 13
19 14 13
19 14
19 20 15
19 14 15
19 18 17 16
19 18 17
19 18
19 20
19 18 17 16 21
19 18 17 22 21
19 18 23 22 21
19 24 23 22 21
19 18 17 22
19 18 23 22
19 24 23 22
19 18 23
19 24 23
19 24
19 20 25
19 24 25
20 19 18 17 16 11 6 1
20 19 18 17 12 11 6 1
20 19 18 17 12 7 6 1
20 19 18 17 12 7 2 1
20 19 18 13 12 11 6 1
20 19 18 13 12 7 6 1
20 19 18 13 12 7 2 1
20 19 18 13 8 7 6 1
20 19 18 13 8 7 2 1
20 19 18 13 8 3 2 1
20 19 14 13 12 11 6 1
20 19 14 13 12 7 6 1
20 19 14 13 12 7 2 1
20 19 14 13 8 7 6 1
20 19 14 13 8 7 2 1
20 19 14 13 8 3 2 1
20 19 14 9 8 7 6 1
20 19 14 9 8 7 2 1
20 19 14 9 8 3 2 1
20 19 14 9 4 3 2 1
20 15 14 13 12 11 6 1
20 15 14 13 12 7 6 1
20 15 14 13 12 7 2 1
20 15 14 13 8 7 6 1
20 15 14 13 8 7 2 1
20 15 14 13 8 3 2 1
20 15 14 9 8 7 6 1
20 15 14 9 8 7 2 1
20 15 14 9 8 3 2 1
20 15 14 9 4 3 2 1
20 15 10 9 8 7 6 1
20 15 10 9 8 7 2 1
20 15 10 9 8 3 2 1
20 15 10 9 4 3 2 1
20 15 10 5 4 3 2 1
20 19 18 17 12 7 2
20 19 18 13 12 7 2
20 19 18 13 8 7 2
20 19 18 13 8 3 2
20 19 14 13 12 7 2
20 19 14 13 8 7 2
20 19 14 13 8 3 2
20 19 14 9 8 7 2
20 19 14 9 8 3 2
20 19 14 9 4 3 2
20 15 14 13 12 7 2
20 15 14 13 8 7 2
20 15 14 13 8 3 2
20 15 14 9 8 7 2
20 15 14 9 8 3 2
20 15 14 9 4 3 2
20 15 10 9 8 7 2
20 15 10 9 8 3 2
20 15 10 9 4 3 2
20 15 10 5 4 3 2
20 19 18 13 8 3
20 19 14 13 8 3
20 19 14 9 8 3
20 19 14 9 4 3
20 15 14 13 8 3
20 15 14 9 8 3
20 15 14 9 4 3
20 15 10 9 8 3
20 15 10 9 4 3
20 15 10 5 4 3
20 19 14 9 4
20 15 14 9 4
20 15 10 9 4
20 15 10 5 4
20 15 10 5
20 19 18 17 16 11 6
20 19 18 17 12 11 6
20 19 18 17 12 7 6
20 19 18 13 12 11 6
20 19 18 13 12 7 6
20 19 18 13 8 7 6
20 19 14 13 12 11 6
20 19 14 13 12 7 6
20 19 14 13 8 7 6
20 19 14 9 8 7 6
20 15 14 13 12 11 6
20 15 14 13 12 7 6
20 15 14 13 8 7 6
20 15 14 9 8 7 6
20 15 10 9 8 7 6
20 19 18 17 12 7
20 19 18 13 12 7
20 19 18 13 8 7
20 19 14 13 12 7
20 19 14 13 8 7
20 19 14 9 8 7
20 15 14 13 12 7
20 15 14 13 8 7
20 15 14 9 8 7
20 15 10 9 8 7
20 19 18 13 8
20 19 14 13 8
20 19 14 9 8
20 15 14 13 8
20 15 14 9 8
20 15 10 9 8
20 19 14 9
20 15 14 9
20 15 10 9
20 15 10
20 19 18 17 16 11
20 19 18 17 12 11
20 19 18 13 12 11
20 19 14 13 12 11
20 15 14 13 12 11
20 19 18 17 12
20 19 18 13 12
20 19 14 13 12
20 15 14 13 12
20 19 18 13
20 19 14 13
20 15 14 13
20 19 14
20 15 14
20 15
20 19 18 17 16
20 19 18 17
20 19 18
20 19
20 19 18 17 16 21
20 19 18 17 22 21
20 19 18 23 22 21
20 19 24 23 22 21
20 25 24 23 22 21
20 19 18 17 22
20 19 18 23 22
20 19 24 23 22
20 25 24 23 22
20 19 18 23
20 19 24 23
20 25 24 23
20 19 24
20 25 24
20 25
21 16 11 6 1
21 22 17 12 7 2
21 16 17 12 7 2
21 16 11 12 7 2
21 16 11 6 7 2
21 16 11 6 1 2
21 22 23 18 13 8 3
21 22 17 18 13 8 3
21 22 17 12 13 8 3
21 22 17 12 7 8 3
21 22 17 12 7 2 3
21 16 17 18 13 8 3
21 16 17 12 13 8 3
21 16 17 12 7 8 3
21 16 17 12 7 2 3
21 16 11 12 13 8 3
21 16 11 12 7 8 3
21 16 11 12 7 2 3
21 16 11 6 7 8 3
21 16 11 6 7 2 3
21 16 11 6 1 2 3
21 22 23 24 19 14 9 4
21 22 23 18 19 14 9 4
21 22 23 18 13 14 9 4
21 22 23 18 13 8 9 4
21 22 23 18 13 8 3 4
21 22 17 18 19 14 9 4
21 22 17 18 13 14 9 4
21 22 17 18 13 8 9 4
21 22 17 18 13 8 3 4
21 22 17 12 13 14 9 4
21 22 17 12 13 8 9 4
21 22 17 12 13 8 3 4
21 22 17 12 7 8 9 4
21 22 17 12 7 8 3 4
21 22 17 12 7 2 3 4
21 16 17 18 19 14 9 4
21 16 17 18 13 14 9 4
21 16 17 18 13 8 9 4
21 16 17 18 13 8 3 4
21 16 17 12 13 14 9 4
21 16 17 12 13 8 9 4
21 16 17 12 13 8 3 4
21 16 17 12 7 8 9 4
21 16 17 12 7 8 3 4
21 16 17 12 7 2 3 4
21 16 11 12 13 14 9 4
21 16 11 12 13 8 9 4
21 16 11 12 13 8 3 4
21 16 11 12 7 8 9 4
21 16 11 12 7 8 3 4
21 16 11 12 7 2 3 4
21 16 11 6 7 8 9 4
21 16 11 6 7 8 3 4
21 16 11 6 7 2 3 4
21 16 11 6 1 2 3 4
21 22 23 24 25 20 15 10 5
21 22 23 24 19 20 15 10 5
21 22 23 24 19 14 15 10 5
21 22 23 24 19 14 9 10 5
21 22 23 24 19 14 9 4 5
21 22 23 18 19 20 15 10 5
21 22 23 18 19 14 15 10 5
21 22 23 18 19 14 9 10 5
21 22 23 18 19 14 9 4 5
21 22 23 18 13 14 15 10 5
21 22 23 18 13 14 9 10 5
21 22 23 18 13 14 9 4 5
21 22 23 18 13 8 9 10 5
21 22 23 18 13 8 9 4 5
21 22 23 18 13 8 3 4 5
21 22 17 18 19 20 15 10 5
21 22 17 18 19 14 15 10 5
21 22 17 18 19 14 9 10 5
21 22 17 18 19 14 9 4 5
21 22 17 18 13 14 15 10 5
21 22 17 18 13 14 9 10 5
21 22 17 18 13 14 9 4 5
21 22 17 18 13 8 9 10 5
21 22 17 18 13 8 9 4 5
21 22 17 18 13 8 3 4 5
21 22 17 12 13 14 15 10 5
21 22 17 12 13 14 9 10 5
21 22 17 12 13 14 9 4 5
21 22 17 12 13 8 9 10 5
21 22 17 12 13 8 9 4 5
21 22 17 12 13 8 3 4 5
21 22 17 12 7 8 9 10 5
21 22 17 12 7 8 9 4 5
21 22 17 12 7 8 3 4 5
21 22 17 12 7 2 3 4 5
21 16 17 18 19 20 15 10 5
21 16 17 18 19 14 15 10 5
21 16 17 18 19 14 9 10 5
21 16 17 18 19 14 9 4 5
21 16 17 18 13 14 15 10 5
21 16 17 18 13 14 9 10 5
21 16 17 18 13 14 9 4 5
21 16 17 18 13 8 9 10 5
21 16 17 18 13 8 9 4 5
21 16 17 18 13 8 3 4 5
21 16 17 12 13 14 15 10 5
21 16 17 12 13 14 9 10 5
21 16 17 12 13 14 9 4 5
21 16 17 12 13 8 9 10 5
21 16 17 12 13 8 9 4 5
21 16 17 12 13 8 3 4 5
21 16 17 12 7 8 9 10 5
21 16 17 12 7 8 9 4 5
21 16 17 12 7 8 3 4 5
21 16 17 12 7 2 3 4 5
21 16 11 12 13 14 15 10 5
21 16 11 12 13 14 9 10 5
21 16 11 12 13 14 9 4 5
21 16 11 12 13 8 9 10 5
21 16 11 12 13 8 9 4 5
21 16 11 12 13 8 3 4 5
21 16 11 12 7 8 9 10 5
21 16 11 12 7 8 9 4 5
21 16 11 12 7 8 3 4 5
21 16 11 12 7 2 3 4 5
21 16 11 6 7 8 9 10 5
21 16 11 6 7 8 9 4 5
21 16 11 6 7 8 3 4 5
21 16 11 6 7 2 3 4 5
21 16 11 6 1 2 3 4 5
21 16 11 6
21 22 17 12 7
21 16 17 12 7
21 16 11 12 7
21 16 11 6 7
21 22 23 18 13 8
21 22 17 18 13 8
21 22 17 12 13 8
21 22 17 12 7 8
21 16 17 18 13 8
21 16 17 12 13 8
21 16 17 12 7 8
21 16 11 12 13 8
21 16 11 12 7 8
21 16 11 6 7 8
21 22 23 24 19 14 9
21 22 23 18 19 14 9
21 22 23 18 13 14 9
21 22 23 18 13 8 9
21 22 17 18 19 14 9
21 22 17 18 13 14 9
21 22 17 18 13 8 9
21 22 17 12 13 14 9
21 22 17 12 13 8 9
21 22 17 12 7 8 9
21 16 17 18 19 14 9
21 16 17 18 13 14 9
21 16 17 18 13 8 9
21 16 17 12 13 14 9
21 16 17 12 13 8 9
21 16 17 12 7 8 9
21 16 11 12 13 14 9
21 16 11 12 13 8 9
21 16 11 12 7 8 9
21 16 11 6 7 8 9
21 22 23 24 25 20 15 10
21 22 23 24 19 20 15 10
21 22 23 24 19 14 15 10
21 22 23 24 19 14 9 10
21 22 23 18 19 20 15 10
21 22 23 18 19 14 15 10
21 22 23 18 19 14 9 10
21 22 23 18 13 14 15 10
21 22 23 18 13 14 9 10
21 22 23 18 13 8 9 10
21 22 17 18 19 20 15 10
21 22 17 18 19 14 15 10
21 22 17 18 19 14 9 10
21 22 17 18 13 14 15 10
21 22 17 18 13 14 9 10
21 22 17 18 13 8 9 10
21 22 17 12 13 14 15 10
21 22 17 12 13 14 9 10
21 22 17 12 13 8 9 10
21 22 17 12 7 8 9 10
21 16 17 18 19 20 15 10
21 16 17 18 19 14 15 10
21 16 17 18 19 14 9 10
21 16 17 18 13 14 15 10
21 16 17 18 13 14 9 10
21 16 17 18 13 8 9 10
21 16 17 12 13 14 15 10
21 16 17 12 13 14 9 10
21 16 17 12 13 8 9 10
21 16 17 12 7 8 9 10
21 16 11 12 13 14 15 10
21 16 11 12 13 14 9 10
21 16 11 12 13 8 9 10
21 16 11 12 7 8 9 10
21 16 11 6 7 8 9 10
21 16 11
21 22 17 12
21 16 17 12
21 16 11 12
21 22 23 18 13
21 22 17 18 13
21 22 17 12 13
21 16 17 18 13
21 16 17 12 13
21 16 11 12 13
21 22 23 24 19 14
21 22 23 18 19 14
21 22 23 18 13 14
21 22 17 18 19 14
21 22 17 18 13 14
21 22 17 12 13 14
21 16 17 18 19 14
21 16 17 18 13 14
21 16 17 12 13 14
21 16 11 12 13 14
21 22 23 24 25 20 15
21 22 23 24 19 20 15
21 22 23 24 19 14 15
21 22 23 18 19 20 15
21 22 23 18 19 14 15
21 22 23 18 13 14 15
21 22 17 18 19 20 15
21 22 17 18 19 14 15
21 22 17 18 13 14 15
21 22 17 12 13 14 15
21 16 17 18 19 20 15
21 16 17 18 19 14 15
21 16 17 18 13 14 15
21 16 17 12 13 14 15
21 16 11 12 13 14 15
21 16
21 22 17
21 16 17
21 22 23 18
21 22 17 18
21 16 17 18
21 22 23 24 19
21 22 23 18 19
21 22 17 18 19
21 16 17 18 19
21 22 23 24 25 20
21 22 23 24 19 20
21 22 23 18 19 20
21 22 17 18 19 20
21 16 17 18 19 20
21 22
21 22 23
21 22 23 24
21 22 23 24 25
22 21 16 11 6 1
22 17 16 11 6 1
22 17 12 11 6 1
22 17 12 7 6 1
22 17 12 7 2 1
22 17 12 7 2
22 23 18 13 8 3
22 17 18 13 8 3
22 17 12 13 8 3
22 17 12 7 8 3
22 17 12 7 2 3
22 23 24 19 14 9 4
22 23 18 19 14 9 4
22 23 18 13 14 9 4
22 23 18 13 8 9 4
22 23 18 13 8 3 4
22 17 18 19 14 9 4
22 17 18 13 14 9 4
22 17 18 13 8 9 4
22 17 18 13 8 3 4
22 17 12 13 14 9 4
22 17 12 13 8 9 4
22 17 12 13 8 3 4
22 17 12 7 8 9 4
22 17 12 7 8 3 4
22 17 12 7 2 3 4
22 23 24 25 20 15 10 5
22 23 24 19 20 15 10 5
22 23 24 19 14 15 10 5
22 23 24 19 14 9 10 5
22 23 24 19 14 9 4 5
22 23 18 19 20 15 10 5
22 23 18 19 14 15 10 5
22 23 18 19 14 9 10 5
22 23 18 19 14 9 4 5
22 23 18 13 14 15 10 5
22 23 18 13 14 9 10 5
22 23 18 13 14 9 4 5
22 23 18 13 8 9 10 5
22 23 18 13 8 9 4 5
22 23 18 13 8 3 4 5
22 17 18 19 20 15 10 5
22 17 18 19 14 15 10 5
22 17 18 19 14 9 10 5
22 17 18 19 14 9 4 5
22 17 18 13 14 15 10 5
22 17 18 13 14 9 10 5
22 17 18 13 14 9 4 5
22 17 18 13 8 9 10 5
22 17 18 13 8 9 4 5
22 17 18 13 8 3 4 5
22 17 12 13 14 15 10 5
22 17 12 13 14 9 10 5
22 17 12 13 14 9 4 5
22 17 12 13 8 9 10 5
22 17 12 13 8 9 4 5
22 17 12 13 8 3 4 5
22 17 12 7 8 9 10 5
22 17 12 7 8 9 4 5
22 17 12 7 8 3 4 5
22 17 12 7 2 3 4 5
22 21 16 11 6
22 17 16 11 6
22 17 12 11 6
22 17 12 7 6
22 17 12 7
22 23 18 13 8
22 17 18 13 8
22 17 12 13 8
22 17 12 7 8
22 23 24 19 14 9
22 23 18 19 14 9
22 23 18 13 14 9
22 23 18 13 8 9
22 17 18 19 14 9
22 17 18 13 14 9
22 17 18 13 8 9
22 17 12 13 14 9
22 17 12 13 8 9
22 17 12 7 8 9
22 23 24 25 20 15 10
22 23 24 19 20 15 10
22 23 24 19 14 15 10
22 23 24 19 14 9 10
22 23 18 19 20 15 10
22 23 18 19 14 15 10
22 23 18 19 14 9 10
22 23 18 13 14 15 10
22 23 18 13 14 9 10
22 23 18 13 8 9 10
22 17 18 19 20 15 10
22 17 18 19 14 15 10
22 17 18 19 14 9 10
22 17 18 13 14 15 10
22 17 18 13 14 9 10
22 17 18 13 8 9 10
22 17 12 13 14 15 10
22 17 12 13 14 9 10
22 17 12 13 8 9 10
22 17 12 7 8 9 10
22 21 16 11
22 17 16 11
22 17 12 11
22 17 12
22 23 18 13
22 17 18 13
22 17 12 13
22 23 24 19 14
22 23 18 19 14
22 23 18 13 14
22 17 18 19 14
22 17 18 13 14
22 17 12 13 14
22 23 24 25 20 15
22 23 24 19 20 15
22 23 24 19 14 15
22 23 18 19 20 15
22 23 18 19 14 15
22 23 18 13 14 15
22 17 18 19 20 15
22 17 18 19 14 15
22 17 18 13 14 15
22 17 12 13 14 15
22 21 16
22 17 16
22 17
22 23 18
22 17 18
22 23 24 19
22 23 18 19
22 17 18 19
22 23 24 25 20
22 23 24 19 20
22 23 18 19 20
22 17 18 19 20
22 21
22 23
22 23 24
22 23 24 25
23 22 21 16 11 6 1
23 22 17 16 11 6 1
23 22 17 12 11 6 1
23 22 17 12 7 6 1
23 22 17 12 7 2 1
23 18 17 16 11 6 1
23 18 17 12 11 6 1
23 18 17 12 7 6 1
23 18 17 12 7 2 1
23 18 13 12 11 6 1
23 18 13 12 7 6 1
23 18 13 12 7 2 1
23 18 13 8 7 6 1
23 18 13 8 7 2 1
23 18 13 8 3 2 1
23 22 17 12 7 2
23 18 17 12 7 2
23 18 13 12 7 2
23 18 13 8 7 2
23 18 13 8 3 2
23 18 13 8 3
23 24 19 14 9 4
23 18 19 14 9 4
23 18 13 14 9 4
23 18 13 8 9 4
23 18 13 8 3 4
23 24 25 20 15 10 5
23 24 19 20 15 10 5
23 24 19 14 15 10 5
23 24 19 14 9 10 5
23 24 19 14 9 4 5
23 18 19 20 15 10 5
23 18 19 14 15 10 5
23 18 19 14 9 10 5
23 18 19 14 9 4 5
23 18 13 14 15 10 5
23 18 13 14 9 10 5
23 18 13 14 9 4 5
23 18 13 8 9 10 5
23 18 13 8 9 4 5
23 18 13 8 3 4 5
23 22 21 16 11 6
23 22 17 16 11 6
23 22 17 12 11 6
23 22 17 12 7 6
23 18 17 16 11 6
23 18 17 12 11 6
23 18 17 12 7 6
23 18 13 12 11 6
23 18 13 12 7 6
23 18 13 8 7 6
23 22 17 12 7
23 18 17 12 7
23 18 13 12 7
23 18 13 8 7
23 18 13 8
23 24 19 14 9
23 18 19 14 9
23 18 13 14 9
23 18 13 8 9
23 24 25 20 15 10
23 24 19 20 15 10
23 24 19 14 15 10
23 24 19 14 9 10
23 18 19 20 15 10
23 18 19 14 15 10
23 18 19 14 9 10
23 18 13 14 15 10
23 18 13 14 9 10
23 18 13 8 9 10
23 22 21 16 11
23 22 17 16 11
23 22 17 12 11
23 18 17 16 11
23 18 17 12 11
23 18 13 12 11
23 22 17 12
23 18 17 12
23 18 13 12
23 18 13
23 24 19 14
23 18 19 14
23 18 13 14
23 24 25 20 15
23 24 19 20 15
23 24 19 14 15
23 18 19 20 15
23 18 19 14 15
23 18 13 14 15
23 22 21 16
23 22 17 16
23 18 17 16
23 22 17
23 18 17
23 18
23 24 19
23 18 19
23 24 25 20
23 24 19 20
23 18 19 20
23 22 21
23 22
23 24
23 24 25
24 23 22 21 16 11 6 1
24 23 22 17 16 11 6 1
24 23 22 17 12 11 6 1
24 23 22 17 12 7 6 1
24 23 22 17 12 7 2 1
24 23 18 17 16 11 6 1
24 23 18 17 12 11 6 1
24 23 18 17 12 7 6 1
24 23 18 17 12 7 2 1
24 23 18 13 12 11 6 1
24 23 18 13 12 7 6 1
24 23 18 13 12 7 2 1
24 23 18 13 8 7 6 1
24 23 18 13 8 7 2 1
24 23 18 13 8 3 2 1
24 19 18 17 16 11 6 1
24 19 18 17 12 11 6 1
24 19 18 17 12 7 6 1
24 19 18 17 12 7 2 1
24 19 18 13 12 11 6 1
24 19 18 13 12 7 6 1
24 19 18 13 12 7 2 1
24 19 18 13 8 7 6 1
24 19 18 13 8 7 2 1
24 19 18 13 8 3 2 1
24 19 14 13 12 11 6 1
24 19 14 13 12 7 6 1
24 19 14 13 12 7 2 1
24 19 14 13 8 7 6 1
24 19 14 13 8 7 2 1
24 19 14 13 8 3 2 1
24 19 14 9 8 7 6 1
24 19 14 9 8 7 2 1
24 19 14 9 8 3 2 1
24 19 14 9 4 3 2 1
24 23 22 17 12 7 2
24 23 18 17 12 7 2
24 23 18 13 12 7 2
24 23 18 13 8 7 2
24 23 18 13 8 3 2
24 19 18 17 12 7 2
24 19 18 13 12 7 2
24 19 18 13 8 7 2
24 19 18 13 8 3 2
24 19 14 13 12 7 2
24 19 14 13 8 7 2
24 19 14 13 8 3 2
24 19 14 9 8 7 2
24 19 14 9 8 3 2
24 19 14 9 4 3 2
24 23 18 13 8 3
24 19 18 13 8 3
24 19 14 13 8 3
24 19 14 9 8 3
24 19 14 9 4 3
24 19 14 9 4
24 25 20 15 10 5
24 19 20 15 10 5
24 19 14 15 10 5
24 19 14 9 10 5
24 19 14 9 4 5
24 23 22 21 16 11 6
24 23 22 17 16 11 6
24 23 22 17 12 11 6
24 23 22 17 12 7 6
24 23 18 17 16 11 6
24 23 18 17 12 11 6
24 23 18 17 12 7 6
24 23 18 13 12 11 6
24 23 18 13 12 7 6
24 23 18 13 8 7 6
24 19 18 17 16 11 6
24 19 18 17 12 11 6
24 19 18 17 12 7 6
24 19 18 13 12 11 6
24 19 18 13 12 7 6
24 19 18 13 8 7 6
24 19 14 13 12 11 6
24 19 14 13 12 7 6
24 19 14 13 8 7 6
24 19 14 9 8 7 6
24 23 22 17 12 7
24 23 18 17 12 7
24 23 18 13 12 7
24 23 18 13 8 7
24 19 18 17 12 7
24 19 18 13 12 7
24 19 18 13 8 7
24 19 14 13 12 7
24 19 14 13 8 7
24 19 14 9 8 7
24 23 18 13 8
24 19 18 13 8
24 19 14 13 8
24 19 14 9 8
24 19 14 9
24 25 20 15 10
24 19 20 15 10
24 19 14 15 10
24 19 14 9 10
24 23 22 21 16 11
24 23 22 17 16 11
24 23 22 17 12 11
24 23 18 17 16 11
24 23 18 17 12 11
24 23 18 13 12 11
24 19 18 17 16 11
24 19 18 17 12 11
24 19 18 13 12 11
24 19 14 13 12 11
24 23 22 17 12
24 23 18 17 12
24 23 18 13 12
24 19 18 17 12
24 19 18 13 12
24 19 14 13 12
24 23 18 13
24 19 18 13
24 19 14 13
24 19 14
24 25 20 15
24 19 20 15
24 19 14 15
24 23 22 21 16
24 23 22 17 16
24 23 18 17 16
24 19 18 17 16
24 23 22 17
24 23 18 17
24 19 18 17
24 23 18
24 19 18
24 19
24 25 20
24 19 20
24 23 22 21
24 23 22
24 23
24 25
25 24 23 22 21 16 11 6 1
25 24 23 22 17 16 11 6 1
25 24 23 22 17 12 11 6 1
25 24 23 22 17 12 7 6 1
25 24 23 22 17 12 7 2 1
25 24 23 18 17 16 11 6 1
25 24 23 18 17 12 11 6 1
25 24 23 18 17 12 7 6 1
25 24 23 18 17 12 7 2 1
25 24 23 18 13 12 11 6 1
25 24 23 18 13 12 7 6 1
25 24 23 18 13 12 7 2 1
25 24 23 18 13 8 7 6 1
25 24 23 18 13 8 7 2 1
25 24 23 18 13 8 3 2 1
25 24 19 18 17 16 11 6 1
25 24 19 18 17 12 11 6 1
25 24 19 18 17 12 7 6 1
25 24 19 18 17 12 7 2 1
25 24 19 18 13 12 11 6 1
25 24 19 18 13 12 7 6 1
25 24 19 18 13 12 7 2 1
25 24 19 18 13 8 7 6 1
25 24 19 18 13 8 7 2 1
25 24 19 18 13 8 3 2 1
25 24 19 14 13 12 11 6 1
25 24 19 14 13 12 7 6 1
25 24 19 14 13 12 7 2 1
25 24 19 14 13 8 7 6 1
25 24 19 14 13 8 7 2 1
25 24 19 14 13 8 3 2 1
25 24 19 14 9 8 7 6 1
25 24 19 14 9 8 7 2 1
25 24 19 14 9 8 3 2 1
25 24 19 14 9 4 3 2 1
25 20 19 18 17 16 11 6 1
25 20 19 18 17 12 11 6 1
25 20 19 18 17 12 7 6 1
25 20 19 18 17 12 7 2 1
25 20 19 18 13 12 11 6 1
25 20 19 18 13 12 7 6 1
25 20 19 18 13 12 7 2 1
25 20 19 18 13 8 7 6 1
25 20 19 18 13 8 7 2 1
25 20 19 18 13 8 3 2 1
25 20 19 14 13 12 11 6 1
25 20 19 14 13 12 7 6 1
25 20 19 14 13 12 7 2 1
25 20 19 14 13 8 7 6 1
25 20 19 14 13 8 7 2 1
25 20 19 14 13 8 3 2 1
25 20 19 14 9 8 7 6 1
25 20 19 14 9 8 7 2 1
25 20 19 14 9 8 3 2 1
25 20 19 14 9 4 3 2 1
25 20 15 14 13 12 11 6 1
25 20 15 14 13 12 7 6 1
25 20 15 14 13 12 7 2 1
25 20 15 14 13 8 7 6 1
25 20 15 14 13 8 7 2 1
25 20 15 14 13 8 3 2 1
25 20 15 14 9 8 7 6 1
25 20 15 14 9 8 7 2 1
25 20 15 14 9 8 3 2 1
25 20 15 14 9 4 3 2 1
25 20 15 10 9 8 7 6 1
25 20 15 10 9 8 7 2 1
25 20 15 10 9 8 3 2 1
25 20 15 10 9 4 3 2 1
25 20 15 10 5 4 3 2 1
25 24 23 22 17 12 7 2
25 24 23 18 17 12 7 2
25 24 23 18 13 12 7 2
25 24 23 18 13 8 7 2
25 24 23 18 13 8 3 2
25 24 19 18 17 12 7 2
25 24 19 18 13 12 7 2
25 24 19 18 13 8 7 2
25 24 19 18 13 8 3 2
25 24 19 14 13 12 7 2
25 24 19 14 13 8 7 2
25 24 19 14 13 8 3 2
25 24 19 14 9 8 7 2
25 24 19 14 9 8 3 2
25 24 19 14 9 4 3 2
25 20 19 18 17 12 7 2
25 20 19 18 13 12 7 2
25 20 19 18 13 8 7 2
25 20 19 18 13 8 3 2
25 20 19 14 13 12 7 2
25 20 19 14 13 8 7 2
25 20 19 14 13 8 3 2
25 20 19 14 9 8 7 2
25 20 19 14 9 8 3 2
25 20 19 14 9 4 3 2
25 20 15 14 13 12 7 2
25 20 15 14 13 8 7 2
25 20 15 14 13 8 3 2
25 20 15 14 9 8 7 2
25 20 15 14 9 8 3 2
25 20 15 14 9 4 3 2
25 20 15 10 9 8 7 2
25 20 15 10 9 8 3 2
25 20 15 10 9 4 3 2
25 20 15 10 5 4 3 2
25 24 23 18 13 8 3
25 24 19 18 13 8 3
25 24 19 14 13 8 3
25 24 19 14 9 8 3
25 24 19 14 9 4 3
25 20 19 18 13 8 3
25 20 19 14 13 8 3
25 20 19 14 9 8 3
25 20 19 14 9 4 3
25 20 15 14 13 8 3
25 20 15 14 9 8 3
25 20 15 14 9 4 3
25 20 15 10 9 8 3
25 20 15 10 9 4 3
25 20 15 10 5 4 3
25 24 19 14 9 4
25 20 19 14 9 4
25 20 15 14 9 4
25 20 15 10 9 4
25 20 15 10 5 4
25 20 15 10 5
25 24 23 22 21 16 11 6
25 24 23 22 17 16 11 6
25 24 23 22 17 12 11 6
25 24 23 22 17 12 7 6
25 24 23 18 17 16 11 6
25 24 23 18 17 12 11 6
25 24 23 18 17 12 7 6
25 24 23 18 13 12 11 6
25 24 23 18 13 12 7 6
25 24 23 18 13 8 7 6
25 24 19 18 17 16 11 6
25 24 19 18 17 12 11 6
25 24 19 18 17 12 7 6
25 24 19 18 13 12 11 6
25 24 19 18 13 12 7 6
25 24 19 18 13 8 7 6
25 24 19 14 13 12 11 6
25 24 19 14 13 12 7 6
25 24 19 14 13 8 7 6
25 24 19 14 9 8 7 6
25 20 19 18 17 16 11 6
25 20 19 18 17 12 11 6
25 20 19 18 17 12 7 6
25 20 19 18 13 12 11 6
25 20 19 18 13 12 7 6
25 20 19 18 13 8 7 6
25 20 19 14 13 12 11 6
25 20 19 14 13 12 7 6
25 20 19 14 13 8 7 6
25 20 19 14 9 8 7 6
25 20 15 14 13 12 11 6
25 20 15 14 13 12 7 6
25 20 15 14 13 8 7 6
25 20 15 14 9 8 7 6
25 20 15 10 9 8 7 6
25 24 23 22 17 12 7
25 24 23 18 17 12 7
25 24 23 18 13 12 7
25 24 23 18 13 8 7
25 24 19 18 17 12 7
25 24 19 18 13 12 7
25 24 19 18 13 8 7
25 24 19 14 13 12 7
25 24 19 14 13 8 7
25 24 19 14 9 8 7
25 20 19 18 17 12 7
25 20 19 18 13 12 7
25 20 19 18 13 8 7
25 20 19 14 13 12 7
25 20 19 14 13 8 7
25 20 19 14 9 8 7
25 20 15 14 13 12 7
25 20 15 14 13 8 7
25 20 15 14 9 8 7
25 20 15 10 9 8 7
25 24 23 18 13 8
25 24 19 18 13 8
25 24 19 14 13 8
25 24 19 14 9 8
25 20 19 18 13 8
25 20 19 14 13 8
25 20 19 14 9 8
25 20 15 14 13 8
25 20 15 14 9 8
25 20 15 10 9 8
25 24 19 14 9
25 20 19 14 9
25 20 15 14 9
25 20 15 10 9
25 20 15 10
25 24 23 22 21 16 11
25 24 23 22 17 16 11
25 24 23 22 17 12 11
25 24 23 18 17 16 11
25 24 23 18 17 12 11
25 24 23 18 13 12 11
25 24 19 18 17 16 11
25 24 19 18 17 12 11
25 24 19 18 13 12 11
25 24 19 14 13 12 11
25 20 19 18 17 16 11
25 20 19 18 17 12 11
25 20 19 18 13 12 11
25 20 19 14 13 12 11
25 20 15 14 13 12 11
25 24 23 22 17 12
25 24 23 18 17 12
25 24 23 18 13 12
25 24 19 18 17 12
25 24 19 18 13 12
25 24 19 14 13 12
25 20 19 18 17 12
25 20 19 18 13 12
25 20 19 14 13 12
25 20 15 14 13 12
25 24 23 18 13
25 24 19 18 13
25 24 19 14 13
25 20 19 18 13
25 20 19 14 13
25 20 15 14 13
25 24 19 14
25 20 19 14
25 20 15 14
25 20 15
25 24 23 22 21 16
25 24 23 22 17 16
25 24 23 18 17 16
25 24 19 18 17 16
25 20 19 18 17 16
25 24 23 22 17
25 24 23 18 17
25 24 19 18 17
25 20 19 18 17
25 24 23 18
25 24 19 18
25 20 19 18
25 24 19
25 20 19
25 20
25 24 23 22 21
25 24 23 22
25 24 23
25 24