1 3 2
1 3
1 4
1 4 5
1 6 5
1 6
1 3 7
1 4 8
1 3 7 9
1 3 7 10
1 4 8 10
1 4 8 11
1 3 7 10 12
1 4 8 10 12
1 3 7 9 13
1 3 7 10 13
1 4 8 10 13
1 4 8 11 14
1 3 7 9 13 15
1 3 7 10 13 15
1 4 8 10 13 15
1 3 7 9 13 16
1 3 7 10 13 16
1 4 8 10 13 16
1 4 8 11 14 16
1 4 8 11 14 17
1 3 7 9 13 16 18
1 3 7 10 13 16 18
1 4 8 10 13 16 18
1 4 8 11 14 16 18
1 4 8 11 14 17 18
1 3 7 9 13 15 19
1 3 7 9 13 16 19
1 3 7 10 13 15 19
1 3 7 10 13 16 19
1 4 8 10 13 15 19
1 4 8 10 13 16 19
1 4 8 11 14 16 19
1 3 7 9 13 16 18 20
1 3 7 9 13 16 21 20
1 3 7 10 13 16 18 20
1 3 7 10 13 16 21 20
1 4 8 10 13 16 18 20
1 4 8 10 13 16 21 20
1 4 8 11 14 16 18 20
1 4 8 11 14 16 21 20
1 4 8 11 14 17 18 20
1 3 7 9 13 16 21
1 3 7 10 13 16 21
1 4 8 10 13 16 21
1 4 8 11 14 16 21
2 3 1
2 3
2 3 4
2 3 4 5
2 7 8 5
2 3 1 6
2 7
2 7 8
2 7 9
2 7 10
2 7 8 11
2 7 10 12
2 7 9 13
2 7 10 13
2 7 8 11 14
2 7 10 12 14
2 7 9 13 15
2 7 10 13 15
2 7 9 13 16
2 7 10 13 16
2 7 8 11 14 17
2 7 9 13 16 17
2 7 10 12 14 17
2 7 10 13 16 17
2 7 9 13 16 18
2 7 10 13 16 18
2 7 9 13 15 19
2 7 9 13 16 19
2 7 10 13 15 19
2 7 10 13 16 19
2 7 9 13 16 18 20
2 7 9 13 16 21 20
2 7 10 13 16 18 20
2 7 10 13 16 21 20
2 7 9 13 16 21
2 7 10 13 16 21
3 1
3 2
3 4
3 4 5
3 1 6
3 7
3 4 8
3 7 8
3 7 9
3 7 10
3 4 8 11
3 7 8 11
3 7 10 12
3 7 9 13
3 7 10 13
3 4 8 11 14
3 7 8 11 14
3 7 10 12 14
3 7 9 13 15
3 7 10 13 15
3 7 9 13 16
3 7 10 13 16
3 4 8 11 14 17
3 7 8 11 14 17
3 7 9 13 16 17
3 7 10 12 14 17
3 7 10 13 16 17
3 7 9 13 16 18
3 7 10 13 16 18
3 7 9 13 15 19
3 7 9 13 16 19
3 7 10 13 15 19
3 7 10 13 16 19
3 7 9 13 16 18 20
3 7 9 13 16 21 20
3 7 10 13 16 18 20
3 7 10 13 16 21 20
3 7 9 13 16 21
3 7 10 13 16 21
4 1
4 3 2
4 3
4 5
4 1 6
4 5 6
4 3 7
4 8 7
4 8
4 3 7 9
4 8 7 9
4 8 10 9
4 8 10
4 8 11
4 8 10 12
4 8 10 13
4 8 11 14
4 8 10 13 15
4 8 10 13 16
4 8 11 14 16
4 8 11 14 17
4 8 10 13 16 18
4 8 11 14 16 18
4 8 11 14 17 18
4 8 10 13 15 19
4 8 10 13 16 19
4 8 11 14 16 19
4 8 10 13 16 18 20
4 8 10 13 16 21 20
4 8 11 14 16 18 20
4 8 11 14 16 21 20
4 8 11 14 17 18 20
4 8 10 13 16 21
4 8 11 14 16 21
5 4 1
5 6 1
5 4 3 2
5 8 7 2
5 4 3
5 4
5 6
5 8 7
5 8
5 8 7 9
5 8 10 9
5 8 10
5 8 11
5 8 10 12
5 8 10 13
5 8 11 14
5 8 10 13 15
5 8 10 13 16
5 8 11 14 16
5 8 11 14 17
5 8 10 13 16 18
5 8 11 14 16 18
5 8 11 14 17 18
5 8 10 13 15 19
5 8 10 13 16 19
5 8 11 14 16 19
5 8 10 13 16 18 20
5 8 10 13 16 21 20
5 8 11 14 16 18 20
5 8 11 14 16 21 20
5 8 11 14 17 18 20
5 8 10 13 16 21
5 8 11 14 16 21
6 1
6 1 3 2
6 1 3
6 1 4
6 5 4
6 5
6 1 3 7
6 5 8 7
6 5 8
6 1 3 7 9
6 5 8 7 9
6 5 8 10 9
6 5 8 10
6 5 8 11
6 5 8 10 12
6 5 8 10 13
6 5 8 11 14
6 5 8 10 13 15
6 5 8 10 13 16
6 5 8 11 14 16
6 5 8 11 14 17
6 5 8 10 13 16 18
6 5 8 11 14 16 18
6 5 8 11 14 17 18
6 5 8 10 13 15 19
6 5 8 10 13 16 19
6 5 8 11 14 16 19
6 5 8 10 13 16 18 20
6 5 8 10 13 16 21 20
6 5 8 11 14 16 18 20
6 5 8 11 14 16 21 20
6 5 8 11 14 17 18 20
6 5 8 10 13 16 21
6 5 8 11 14 16 21
7 3 1
7 2
7 3
7 3 4
7 8 4
7 8 5
7 3 1 6
7 8 5 6
7 8
7 9
7 10
7 8 11
7 10 12
7 9 13
7 10 13
7 8 11 14
7 10 12 14
7 9 13 15
7 10 13 15
7 9 13 16
7 10 13 16
7 8 11 14 17
7 9 13 16 17
7 10 12 14 17
7 10 13 16 17
7 9 13 16 18
7 10 13 16 18
7 9 13 15 19
7 9 13 16 19
7 10 13 15 19
7 10 13 16 19
7 9 13 16 18 20
7 9 13 16 21 20
7 10 13 16 18 20
7 10 13 16 21 20
7 9 13 16 21
7 10 13 16 21
8 4 1
8 7 2
8 4 3
8 7 3
8 4
8 5
8 5 6
8 7
8 7 9
8 10 9
8 10
8 11
8 10 12
8 10 13
8 11 14
8 10 13 15
8 10 13 16
8 11 14 16
8 11 14 17
8 10 13 16 18
8 11 14 16 18
8 11 14 17 18
8 10 13 15 19
8 10 13 16 19
8 11 14 16 19
8 10 13 16 18 20
8 10 13 16 21 20
8 11 14 16 18 20
8 11 14 16 21 20
8 11 14 17 18 20
8 10 13 16 21
8 11 14 16 21
9 7 3 1
9 7 2
9 7 3
9 7 3 4
9 7 8 4
9 10 8 4
9 7 8 5
9 10 8 5
9 7 3 1 6
9 7 8 5 6
9 10 8 5 6
9 7
9 7 8
9 10 8
9 10
9 7 8 11
9 10 8 11
9 10 12
9 13 12
9 13
9 10 12 14
9 13 12 14
9 13 16 14
9 13 15
9 13 16
9 13 16 17
9 13 16 18
9 13 15 19
9 13 16 19
9 13 16 18 20
9 13 16 21 20
9 13 16 21
10 7 3 1
10 8 4 1
10 7 2
10 7 3
10 8 4
10 8 5
10 8 5 6
10 7
10 8
10 9
10 8 11
10 12
10 13
10 12 14
10 13 15
10 13 16
10 12 14 17
10 13 16 17
10 13 16 18
10 13 15 19
10 13 16 19
10 13 16 18 20
10 13 16 21 20
10 13 16 21
11 8 4 1
11 8 7 2
11 8 4 3
11 8 7 3
11 8 4
11 8 5
11 8 5 6
11 8 7
11 8
11 8 7 9
11 8 10 9
11 8 10
11 14 12
11 8 10 13
11 14 12 13
11 14 16 13
11 14
11 8 10 13 15
11 14 12 13 15
11 14 16 13 15
11 14 16 19 15
11 14 16
11 14 17
11 14 16 18
11 14 17 18
11 14 16 19
11 14 16 18 20
11 14 16 21 20
11 14 17 18 20
11 14 16 21
12 10 7 3 1
12 10 8 4 1
12 10 7 2
12 10 7 3
12 10 8 4
12 10 8 5
12 10 8 5 6
12 10 7
12 10 8
12 10 9
12 13 9
12 10
12 14 11
12 13
12 14
12 13 15
12 13 16
12 14 16
12 14 17
12 13 16 18
12 14 16 18
12 14 17 18
12 13 15 19
12 13 16 19
12 14 16 19
12 13 16 18 20
12 13 16 21 20
12 14 16 18 20
12 14 16 21 20
12 14 17 18 20
12 13 16 21
12 14 16 21
13 9 7 3 1
13 10 7 3 1
13 10 8 4 1
13 9 7 2
13 10 7 2
13 9 7 3
13 10 7 3
13 10 8 4
13 10 8 5
13 10 8 5 6
13 9 7
13 10 7
13 10 8
13 9
13 10
13 10 8 11
13 12 14 11
13 16 14 11
13 12
13 12 14
13 16 14
13 15
13 16
13 16 17
13 16 18
13 15 19
13 16 19
13 16 18 20
13 16 21 20
13 16 21
14 11 8 4 1
14 11 8 7 2
14 12 10 7 2
14 11 8 4 3
14 11 8 7 3
14 12 10 7 3
14 11 8 4
14 11 8 5
14 11 8 5 6
14 11 8 7
14 12 10 7
14 11 8
14 12 10 9
14 12 13 9
14 16 13 9
14 12 10
14 11
14 12
14 12 13
14 16 13
14 12 13 15
14 16 13 15
14 16 19 15
14 16
14 17
14 16 18
14 17 18
14 16 19
14 16 18 20
14 16 21 20
14 17 18 20
14 16 21
15 13 9 7 3 1
15 13 10 7 3 1
15 13 10 8 4 1
15 13 9 7 2
15 13 10 7 2
15 13 9 7 3
15 13 10 7 3
15 13 10 8 4
15 13 10 8 5
15 13 10 8 5 6
15 13 9 7
15 13 10 7
15 13 10 8
15 13 9
15 13 10
15 13 10 8 11
15 13 12 14 11
15 13 16 14 11
15 19 16 14 11
15 13 12
15 13
15 13 12 14
15 13 16 14
15 19 16 14
15 13 16
15 19 16
15 13 16 17
15 19 16 17
15 13 16 18
15 19 16 18
15 19
15 19 21 20
15 19 21
16 13 9 7 3 1
16 13 10 7 3 1
16 13 10 8 4 1
16 14 11 8 4 1
16 13 9 7 2
16 13 10 7 2
16 13 9 7 3
16 13 10 7 3
16 13 10 8 4
16 14 11 8 4
16 13 10 8 5
16 14 11 8 5
16 13 10 8 5 6
16 14 11 8 5 6
16 13 9 7
16 13 10 7
16 13 10 8
16 14 11 8
16 13 9
16 13 10
16 14 11
16 13 12
16 14 12
16 13
16 14
16 13 15
16 19 15
16 17
16 18
16 19
16 18 20
16 21 20
16 21
17 14 11 8 4 1
17 14 11 8 7 2
17 14 12 10 7 2
17 16 13 9 7 2
17 16 13 10 7 2
17 14 11 8 4 3
17 14 11 8 7 3
17 14 12 10 7 3
17 16 13 9 7 3
17 16 13 10 7 3
17 14 11 8 4
17 14 11 8 5
17 14 11 8 5 6
17 14 11 8 7
17 14 12 10 7
17 16 13 9 7
17 16 13 10 7
17 14 11 8
17 16 13 9
17 14 12 10
17 16 13 10
17 14 11
17 14 12
17 16 13
17 14
17 16 13 15
17 16 19 15
17 16
17 18
17 16 19
17 18 20
17 16 21
18 16 13 9 7 3 1
18 16 13 10 7 3 1
18 16 13 10 8 4 1
18 16 14 11 8 4 1
18 17 14 11 8 4 1
18 16 13 9 7 2
18 16 13 10 7 2
18 16 13 9 7 3
18 16 13 10 7 3
18 16 13 10 8 4
18 16 14 11 8 4
18 17 14 11 8 4
18 16 13 10 8 5
18 16 14 11 8 5
18 17 14 11 8 5
18 16 13 10 8 5 6
18 16 14 11 8 5 6
18 17 14 11 8 5 6
18 16 13 9 7
18 16 13 10 7
18 16 13 10 8
18 16 14 11 8
18 17 14 11 8
18 16 13 9
18 16 13 10
18 16 14 11
18 17 14 11
18 16 13 12
18 16 14 12
18 17 14 12
18 16 13
18 16 14
18 17 14
18 16 13 15
18 16 19 15
18 16
18 17
18 16 19
18 20
18 16 21
18 20 21
19 15 13 9 7 3 1
19 15 13 10 7 3 1
19 15 13 10 8 4 1
19 16 13 9 7 3 1
19 16 13 10 7 3 1
19 16 13 10 8 4 1
19 16 14 11 8 4 1
19 15 13 9 7 2
19 15 13 10 7 2
19 16 13 9 7 2
19 16 13 10 7 2
19 15 13 9 7 3
19 15 13 10 7 3
19 16 13 9 7 3
19 16 13 10 7 3
19 15 13 10 8 4
19 16 13 10 8 4
19 16 14 11 8 4
19 15 13 10 8 5
19 16 13 10 8 5
19 16 14 11 8 5
19 15 13 10 8 5 6
19 16 13 10 8 5 6
19 16 14 11 8 5 6
19 15 13 9 7
19 15 13 10 7
19 16 13 9 7
19 16 13 10 7
19 15 13 10 8
19 16 13 10 8
19 16 14 11 8
19 15 13 9
19 16 13 9
19 15 13 10
19 16 13 10
19 16 14 11
19 15 13 12
19 16 13 12
19 16 14 12
19 15 13
19 16 13
19 16 14
19 15
19 16
19 16 17
19 16 18
19 21 20
19 21
20 18 16 13 9 7 3 1
20 18 16 13 10 7 3 1
20 18 16 13 10 8 4 1
20 18 16 14 11 8 4 1
20 18 17 14 11 8 4 1
20 21 16 13 9 7 3 1
20 21 16 13 10 7 3 1
20 21 16 13 10 8 4 1
20 21 16 14 11 8 4 1
20 18 16 13 9 7 2
20 18 16 13 10 7 2
20 21 16 13 9 7 2
20 21 16 13 10 7 2
20 18 16 13 9 7 3
20 18 16 13 10 7 3
20 21 16 13 9 7 3
20 21 16 13 10 7 3
20 18 16 13 10 8 4
20 18 16 14 11 8 4
20 18 17 14 11 8 4
20 21 16 13 10 8 4
20 21 16 14 11 8 4
20 18 16 13 10 8 5
20 18 16 14 11 8 5
20 18 17 14 11 8 5
20 21 16 13 10 8 5
20 21 16 14 11 8 5
20 18 16 13 10 8 5 6
20 18 16 14 11 8 5 6
20 18 17 14 11 8 5 6
20 21 16 13 10 8 5 6
20 21 16 14 11 8 5 6
20 18 16 13 9 7
20 18 16 13 10 7
20 21 16 13 9 7
20 21 16 13 10 7
20 18 16 13 10 8
20 18 16 14 11 8
20 18 17 14 11 8
20 21 16 13 10 8
20 21 16 14 11 8
20 18 16 13 9
20 21 16 13 9
20 18 16 13 10
20 21 16 13 10
20 18 16 14 11
20 18 17 14 11
20 21 16 14 11
20 18 16 13 12
20 18 16 14 12
20 18 17 14 12
20 21 16 13 12
20 21 16 14 12
20 18 16 13
20 21 16 13
20 18 16 14
20 18 17 14
20 21 16 14
20 21 19 15
20 18 16
20 21 16
20 18 17
20 18
20 21 19
20 21
21 16 13 9 7 3 1
21 16 13 10 7 3 1
21 16 13 10 8 4 1
21 16 14 11 8 4 1
21 16 13 9 7 2
21 16 13 10 7 2
21 16 13 9 7 3
21 16 13 10 7 3
21 16 13 10 8 4
21 16 14 11 8 4
21 16 13 10 8 5
21 16 14 11 8 5
21 16 13 10 8 5 6
21 16 14 11 8 5 6
21 16 13 9 7
21 16 13 10 7
21 16 13 10 8
21 16 14 11 8
21 16 13 9
21 16 13 10
21 16 14 11
21 16 13 12
21 16 14 12
21 16 13
21 16 14
21 19 15
21 16
21 16 17
21 16 18
21 20 18
21 19
21 20