1 2
1 2 3
1 2 3 4
1 5
1 5 9
1 5 9 13
2 1
2 3
2 3 4
2 6
2 6 10
2 6 10 14
3 2 1
3 2
3 4
3 7
3 7 11
3 7 11 15
4 3 2 1
4 3 2
4 3
4 8
4 8 12
4 8 12 16
5 1
5 6
5 6 7
5 6 7 8
5 9
5 9 13
6 2
6 5
6 7
6 7 8
6 10
6 10 14
7 3
7 6 5
7 6
7 8
7 11
7 11 15
8 4
8 7 6 5
8 7 6
8 7
8 12
8 12 16
9 5 1
9 5
9 10
9 10 11
9 10 11 12
9 13
10 6 2
10 6
10 9
10 11
10 11 12
10 14
11 7 3
11 7
11 10 9
11 10
11 12
11 15
12 8 4
12 8
12 11 10 9
12 11 10
12 11
12 16
13 9 5 1
13 9 5
13 9
13 14
13 14 15
13 14 15 16
14 10 6 2
14 10 6
14 10
14 13
14 15
14 15 16
15 11 7 3
15 11 7
15 11
15 14 13
15 14
15 16
16 12 8 4
16 12 8
16 12
16 15 14 13
16 15 14
16 15