1 2
1 3
1 2 4
1 3 5
1 2 4 6
1 3 5 7
1 11 10 8
1 11 10 9
1 11 10
1 11
1 11 12
1 11 12 13
1 11 12 13 14
1 11 10 8 15
1 11 12 13 17
1 11 12 19
1 11 12 19 20
2 1
2 3
2 4
2 4 6
2 4 6 8
2 1 11 10
2 1 11
2 1 11 12
2 1 11 12 13
2 4 6 8 15
2 4 6 8 15 16
2 1 11 12 13 17
2 1 11 12 19
2 1 11 12 19 20
3 1
3 2
3 5
3 5 7
3 5 7 9
3 1 11 10
3 1 11
3 1 11 12
3 1 11 12 13
3 1 11 12 13 14
3 5 7 9 18
3 1 11 12 19
4 2 1
4 2
4 5
4 6
4 6 8
4 6 8 10
4 2 1 11
4 2 1 11 12
4 6 8 15 14
4 6 8 15
4 6 8 15 16
5 3 1
5 3
5 4
5 7
5 7 9
5 7 9 10
5 3 1 11
5 3 1 11 12
5 7 9 18 17
5 7 9 18
5 7 9 18 19
5 7 9 18 20
6 4 2 1
6 4 2
6 4
6 7
6 8
6 8 10
6 8 10 11
6 8 10 11 12
6 8 15 14 13
6 8 15 14
6 8 15
6 8 15 16
7 5 3 1
7 5 3
7 5
7 6
7 9
7 9 10
7 9 10 11
7 9 18 17 13
7 9 18 17
7 9 18
7 9 18 19
7 9 18 20
8 10 11 1
8 6 4 2
8 6 4
8 6
8 9
8 10
8 10 11
8 10 11 12
8 15 14 13
8 15 14
8 15
8 15 16
8 9 18
8 9 18 19
8 9 18 20
9 10 11 1
9 7 5 3
9 7 5
9 7
9 8
9 10
9 10 11
9 18 17 13
9 8 15 14
9 8 15
9 18 17
9 18
9 18 19
9 18 20
10 11 1
10 11 1 2
10 11 1 3
10 8 6 4
10 9 7 5
10 8 6
10 9 7
10 8
10 9
10 11
10 11 12
10 11 12 13
10 8 15 14
10 8 15
10 8 15 16
10 9 18 17
10 9 18
10 9 18 20
11 1
11 1 2
11 1 3
11 1 2 4
11 1 3 5
11 10 8 6
11 10 9 7
11 10 8
11 10 9
11 10
11 12
11 12 13
11 12 13 14
11 10 8 15
11 12 13 17
11 12 19
11 12 19 20
12 11 1
12 11 1 2
12 11 1 3
12 11 1 2 4
12 11 1 3 5
12 11 10 8 6
12 11 10 8
12 11 10
12 11
12 13
12 13 14
12 13 14 15
12 13 17
12 19 18
12 19
12 19 20
13 12 11 1
13 12 11 1 2
13 12 11 1 3
13 14 15 8 6
13 17 18 9 7
13 14 15 8
13 17 18 9
13 12 11 10
13 12 11
13 12
13 14
13 14 15
13 17
13 17 18
13 12 19
14 13 12 11 1
14 13 12 11 1 3
14 15 8 6 4
14 15 8 6
14 15 8
14 15 8 9
14 15 8 10
14 13 12 11
14 13 12
14 13
14 15
14 16
14 13 12 19
15 8 10 11 1
15 8 6 4 2
15 8 6 4
15 8 6
15 8
15 8 9
15 8 10
15 8 10 11
15 14 13 12
15 14 13
15 14
15 16
15 16 17
16 15 8 6 4 2
16 15 8 6 4
16 15 8 6
16 15 8
16 15 8 10
16 14
16 15
16 17
16 17 18
16 17 18 19
16 17 18 20
17 13 12 11 1
17 13 12 11 1 2
17 18 9 7 5
17 18 9 7
17 18 9
17 18 9 10
17 13 12 11
17 13 12
17 13
17 16 15
17 16
17 18
17 18 19
17 18 20
18 9 7 5 3
18 9 7 5
18 9 7
18 9 8
18 9
18 9 10
18 19 12
18 17 13
18 17 16
18 17
18 19
18 20
19 12 11 1
19 12 11 1 2
19 12 11 1 3
19 18 9 7 5
19 18 9 7
19 18 9 8
19 18 9
19 12 11
19 12
19 12 13
19 12 13 14
19 18 17 16
19 18 17
19 18
19 20
20 19 12 11 1
20 19 12 11 1 2
20 18 9 7 5
20 18 9 7
20 18 9 8
20 18 9
20 18 9 10
20 19 12 11
20 19 12
20 18 17 16
20 18 17
20 18
20 19
