1 2
1 2 3
1 2 3 4
1 2 3 4 5
1 2 3 4 5 6
1 7
1 7 13
1 7 13 19
1 7 13 19 25
1 7 13 19 25 31
2 1
2 3
2 3 4
2 3 4 5
2 3 4 5 6
2 8
2 8 14
2 8 14 20
2 8 14 20 26
2 8 14 20 26 32
3 2 1
3 2
3 4
3 4 5
3 4 5 6
3 9
3 9 15
3 9 15 21
3 9 15 21 27
3 9 15 21 27 33
4 3 2 1
4 3 2
4 3
4 5
4 5 6
4 10
4 10 16
4 10 16 22
4 10 16 22 28
4 10 16 22 28 34
5 4 3 2 1
5 4 3 2
5 4 3
5 4
5 6
5 11
5 11 17
5 11 17 23
5 11 17 23 29
5 11 17 23 29 35
6 5 4 3 2 1
6 5 4 3 2
6 5 4 3
6 5 4
6 5
6 12
6 12 18
6 12 18 24
6 12 18 24 30
6 12 18 24 30 36
7 1
7 8
7 8 9
7 8 9 10
7 8 9 10 11
7 8 9 10 11 12
7 13
7 13 19
7 13 19 25
7 13 19 25 31
8 2
8 7
8 9
8 9 10
8 9 10 11
8 9 10 11 12
8 14
8 14 20
8 14 20 26
8 14 20 26 32
9 3
9 8 7
9 8
9 10
9 10 11
9 10 11 12
9 15
9 15 21
9 15 21 27
9 15 21 27 33
10 4
10 9 8 7
10 9 8
10 9
10 11
10 11 12
10 16
10 16 22
10 16 22 28
10 16 22 28 34
11 5
11 10 9 8 7
11 10 9 8
11 10 9
11 10
11 12
11 17
11 17 23
11 17 23 29
11 17 23 29 35
12 6
12 11 10 9 8 7
12 11 10 9 8
12 11 10 9
12 11 10
12 11
12 18
12 18 24
12 18 24 30
12 18 24 30 36
13 7 1
13 7
13 14
13 14 15
13 14 15 16
13 14 15 16 17
13 14 15 16 17 18
13 19
13 19 25
13 19 25 31
14 8 2
14 8
14 13
14 15
14 15 16
14 15 16 17
14 15 16 17 18
14 20
14 20 26
14 20 26 32
15 9 3
15 9
15 14 13
15 14
15 16
15 16 17
15 16 17 18
15 21
15 21 27
15 21 27 33
16 10 4
16 10
16 15 14 13
16 15 14
16 15
16 17
16 17 18
16 22
16 22 28
16 22 28 34
17 11 5
17 11
17 16 15 14 13
17 16 15 14
17 16 15
17 16
17 18
17 23
17 23 29
17 23 29 35
18 12 6
18 12
18 17 16 15 14 13
18 17 16 15 14
18 17 16 15
18 17 16
18 17
18 24
18 24 30
18 24 30 36
19 13 7 1
19 13 7
19 13
19 20
19 20 21
19 20 21 22
19 20 21 22 23
19 20 21 22 23 24
19 25
19 25 31
20 14 8 2
20 14 8
20 14
20 19
20 21
20 21 22
20 21 22 23
20 21 22 23 24
20 26
20 26 32
21 15 9 3
21 15 9
21 15
21 20 19
21 20
21 22
21 22 23
21 22 23 24
21 27
21 27 33
22 16 10 4
22 16 10
22 16
22 21 20 19
22 21 20
22 21
22 23
22 23 24
22 28
22 28 34
23 17 11 5
23 17 11
23 17
23 22 21 20 19
23 22 21 20
23 22 21
23 22
23 24
23 29
23 29 35
24 18 12 6
24 18 12
24 18
24 23 22 21 20 19
24 23 22 21 20
24 23 22 21
24 23 22
24 23
24 30
24 30 36
25 19 13 7 1
25 19 13 7
25 19 13
25 19
25 26
25 26 27
25 26 27 28
25 26 27 28 29
25 26 27 28 29 30
25 31
26 20 14 8 2
26 20 14 8
26 20 14
26 20
26 25
26 27
26 27 28
26 27 28 29
26 27 28 29 30
26 32
27 21 15 9 3
27 21 15 9
27 21 15
27 21
27 26 25
27 26
27 28
27 28 29
27 28 29 30
27 33
28 22 16 10 4
28 22 16 10
28 22 16
28 22
28 27 26 25
28 27 26
28 27
28 29
28 29 30
28 34
29 23 17 11 5
29 23 17 11
29 23 17
29 23
29 28 27 26 25
29 28 27 26
29 28 27
29 28
29 30
29 35
30 24 18 12 6
30 24 18 12
30 24 18
30 24
30 29 28 27 26 25
30 29 28 27 26
30 29 28 27
30 29 28
30 29
30 36
31 25 19 13 7 1
31 25 19 13 7
31 25 19 13
31 25 19
31 25
31 32
31 32 33
31 32 33 34
31 32 33 34 35
31 32 33 34 35 36
32 26 20 14 8 2
32 26 20 14 8
32 26 20 14
32 26 20
32 26
32 31
32 33
32 33 34
32 33 34 35
32 33 34 35 36
33 27 21 15 9 3
33 27 21 15 9
33 27 21 15
33 27 21
33 27
33 32 31
33 32
33 34
33 34 35
33 34 35 36
34 28 22 16 10 4
34 28 22 16 10
34 28 22 16
34 28 22
34 28
34 33 32 31
34 33 32
34 33
34 35
34 35 36
35 29 23 17 11 5
35 29 23 17 11
35 29 23 17
35 29 23
35 29
35 34 33 32 31
35 34 33 32
35 34 33
35 34
35 36
36 30 24 18 12 6
36 30 24 18 12
36 30 24 18
36 30 24
36 30
36 35 34 33 32 31
36 35 34 33 32
36 35 34 33
36 35 34
36 35