1 17 5
1 10
1 17 13
1 20 14
1 20 15
1 17
1 20
1 10 21
1 20 25
1 17 13 39 29
1 17 5 35
1 17 13 39
2 4
2 4 12 9
2 4 12
2 4 12 9 41 13
2 31
2 4 12 9 35
2 4 37
2 38
2 4 12 9 41
3 26 36 38 4
3 22 43 30 5
3 6
3 22 33 10
3 26 36 38 11
3 22 43 30 5 13
3 22 33 20 14
3 22 33 20 15
3 26 36 38 11 18
3 22 33 20
3 22
3 23
3 24
3 22 33 20 25
3 26
3 26 36 38 11 18 29
3 22 43 30
3 26 36 31
3 22 33 20 15 32
3 22 33
3 22 43 30 35
3 26 36
3 26 36 38
3 22 43
4 2
4 38 36 26 3
4 38 36 26 6
4 37 7
4 12 9
4 37 7 30 16 10
4 11
4 12
4 12 9 41 13
4 37 7 30 16
4 38 36 26 3 24
4 38 36 26
4 37 7 27
4 37 7 30
4 2 31
4 38 36 26 6 34
4 12 9 35
4 38 36
4 37
4 38
4 12 9 41
5 17 1
5 30 43 22 3
5 30 7
5 13
5 17 1 20 14
5 13 32 15
5 17
5 41 28 18
5 17 1 20
5 30 43 22
5 30 43 22 3 23
5 30 43 22 3 24
5 41 28
5 30
5 30 7 36 31
5 13 32
5 30 43 33
5 35
5 30 7 36
5 30 7 37
5 30 7 36 38
5 41
5 30 43
6 3
6 26 36 38 4
6 8
6 8 33 10
6 26 36 38 11
6 8 33 20 14
6 8 33 20 15
6 26 36 38 11 18
6 8 33 20
6 8 33 21
6 23
6 8 33 20 25
6 26
6 26 27
6 26 36 38 11 18 28
6 26 36 38 11 18 29
6 26 36 31
6 8 33 20 15 32
6 8 33
6 34
6 26 36
6 26 36 38
6 8 33 20 15 32 39
7 37 4
7 30 5
7 27 22 8
7 40 9
7 30 16 10
7 42 12
7 30 5 13
7 30 16
7 42 12 18
7 27 22
7 27
7 42 12 18 29
7 30
7 36 31
7 30 5 13 32
7 36
7 37
7 36 38
7 40
7 42
8 6
8 22 27 7
8 33 10
8 22 27 7 42 12
8 33 20 14
8 33 20 15
8 33 20
8 33 21
8 22
8 6 23
8 33 20 25
8 22 27
8 33 20 15 32 39 29
8 33 20 15 32
8 33
8 6 34
8 22 27 7 37
8 33 20 15 32 39
8 22 27 7 42
9 12 4 2
9 12 4
9 40 7
9 12 11
9 12
9 41 13
9 12 18
9 40 7 27
9 41 28
9 35
9 40 7 36
9 41 39
9 40
9 41
10 1
10 33 22 3
10 16 30 7 37 4
10 33 8 6
10 16 30 7
10 33 8
10 20 14
10 20 15
10 16
10 20
10 21
10 33 22
10 33 22 3 24
10 20 25
10 33 22 26
10 16 30
10 20 15 32
10 33
10 33 8 6 34
10 16 30 35
10 16 30 7 37
10 16 30 40
11 38 36 26 3
11 4
11 38 36 26 6
11 12 9
11 12
11 18 29 39 32 15
11 18
11 38 36 26 22
11 38 36 26 3 24
11 18 29 39 32 15 25
11 38 36 26
11 18 28
11 18 29
11 18 29 39 32
11 38 36 26 22 33
11 38 36 26 6 34
11 12 9 35
11 38 36
11 4 37
11 38
11 18 29 39
11 12 42
12 4 2
12 4
12 42 7
12 42 7 27 22 8
12 9
12 11
12 9 41 13
12 18
12 42 7 27 22
12 42 7 27
12 18 28
12 18 29
12 4 2 31
12 9 35
12 9 41
12 42
13 17 1
13 41 9 12 4 2
13 5 30 43 22 3
13 41 9 12 4
13 5
13 5 30 7
13 41 9
13 41 9 12
13 32 15
13 17 16
13 17
13 17 16 21
13 5 30 43 22
13 5 30 43 22 3 23
13 5 30 43 22 3 24
13 32 15 25
13 41 28
13 39 29
13 5 30
13 5 30 7 36 31
13 32
13 5 30 7 36
13 5 30 7 37
13 39
13 41
13 5 30 43
14 20 1
14 20 33 22 3
14 20 1 17 5
14 20 33 8 6
14 20 33 8
14 20 10
14 20 10 16
14 20 1 17
14 20
14 20 33 22
14 20 33 22 3 24
14 25
14 20 33 22 26
14 20 33 22 26 36 31
14 20 33
14 20 33 8 6 34
14 20 33 22 26 36
14 20 33 22 26 36 38
14 20 33 43
15 20 1
15 20 33 22 3
15 32 13 5
15 20 33 8 6
15 20 33 8
15 20 10
15 32 39 29 18 11
15 32 13
15 20 10 16
15 32 39 29 18
15 20
15 20 33 22
15 20 33 22 3 24
15 25
15 20 33 22 26
15 32 39 29
15 20 33 22 26 36 31
15 32
15 20 33
15 20 33 8 6 34
15 20 33 22 26 36
15 32 39
15 20 33 43
16 30 7 37 4
16 30 7
16 10
16 17 13
16 10 20 14
16 10 20 15
16 17
16 10 20
16 21
16 10 20 25
16 17 13 39 29
16 30
16 30 7 36 31
16 17 13 32
16 30 35
16 30 7 36
16 30 7 37
16 30 7 36 38
16 17 13 39
16 30 40
17 1
17 5
17 13
17 1 20 14
17 16
17 1 20
17 16 21
17 1 20 25
17 13 39 29
17 13 32
17 5 35
17 13 39
18 11 38 36 26 3
18 28 41 5
18 11 38 36 26 6
18 12 42 7
18 12 9
18 11
18 12
18 29 39 32 15
18 29 39 32 15 20
18 11 38 36 26 3 24
18 29 39 32 15 25
18 11 38 36 26
18 12 42 7 27
18 28
18 29
18 29 39 32
18 11 38 36 26 6 34
18 11 38 36
18 11 38
18 29 39
18 28 41
18 12 42
19 23
19 24
19 34
20 1
20 33 22 3
20 1 17 5
20 33 8 6
20 33 8
20 10
20 14
20 15
20 10 16
20 1 17
20 15 32 39 29 18
20 33 22
20 33 22 3 24
20 25
20 33 22 26
20 15 32 39 29
20 33 22 26 36 31
20 15 32
20 33
20 33 8 6 34
20 33 22 26 36
20 33 22 26 36 38
20 15 32 39
20 33 43
21 10 1
21 33 8 6
21 33 8
21 10
21 16 17 13
21 16
21 16 17
21 43 27
21 16 17 13 39 29
21 33
21 33 8 6 34
21 16 17 13 39
21 43
22 3
22 43 30 5
22 27 7
22 8
22 33 10
22 26 36 38 11
22 27 7 42 12
22 43 30 5 13
22 33 20 14
22 33 20 15
22 33 20
22 3 23
22 3 24
22 33 20 25
22 26
22 27
22 43 30
22 26 36 31
22 33 20 15 32
22 33
22 43 30 35
22 26 36
22 27 7 37
22 26 36 38
22 27 7 42
22 43
23 3
23 3 22 43 30 5
23 6
23 6 8
23 3 22 43 30 5 13
23 19
23 3 22
23 24
23 3 22 43 30
23 34
23 3 22 43 30 35
23 3 22 43
24 3
24 3 26 36 38 4
24 3 22 43 30 5
24 3 22 33 10
24 3 26 36 38 11
24 3 22 43 30 5 13
24 3 22 33 20 14
24 3 22 33 20 15
24 3 26 36 38 11 18
24 19
24 3 22 33 20
24 3 22
24 23
24 3 22 33 20 25
24 3 26
24 3 26 36 38 11 18 29
24 3 22 43 30
24 3 26 36 31
24 3 22 33 20 15 32
24 3 22 33
24 3 22 43 30 35
24 3 26 36
24 3 26 36 38
24 3 22 43
25 20 1
25 20 33 22 3
25 20 33 8 6
25 20 33 8
25 20 10
25 15 32 39 29 18 11
25 15 32 13
25 14
25 15
25 20 10 16
25 20 1 17
25 15 32 39 29 18
25 20
25 20 33 22
25 20 33 22 3 24
25 20 33 22 26
25 15 32 39 29
25 20 33 22 26 36 31
25 15 32
25 20 33
25 20 33 8 6 34
25 20 33 22 26 36
25 20 33 22 26 36 38
25 15 32 39
25 20 33 43
26 3
26 36 38 4
26 6
26 22 33 10
26 36 38 11
26 22 33 20 14
26 22 33 20 15
26 36 38 11 18
26 22 33 20
26 22
26 3 24
26 22 33 20 25
26 27
26 36 38 11 18 28
26 36 38 11 18 29
26 36 31
26 22 33 20 15 32
26 22 33
26 6 34
26 36
26 36 38
27 7 37 4
27 26 6
27 7
27 22 8
27 7 40 9
27 7 42 12
27 7 42 12 18
27 43 21
27 22
27 26
27 7 42 12 18 29
27 26 6 34
27 7 37
27 7 40
27 7 42
27 43
28 41 5
28 18 11 38 36 26 6
28 41 9
28 18 11
28 18 12
28 41 13
28 18
28 18 11 38 36 26
28 29
28 18 11 38 36 26 6 34
28 41 35
28 18 11 38 36
28 18 11 38
28 41
28 18 12 42
29 39 13 17 1
29 18 11 38 36 26 3
29 18 11 38 36 26 6
29 18 12 42 7
29 39 32 15 20 33 8
29 18 11
29 18 12
29 39 13
29 39 32 15
29 39 13 17 16
29 39 13 17
29 18
29 39 32 15 20
29 39 13 17 16 21
29 18 11 38 36 26 3 24
29 39 32 15 25
29 18 11 38 36 26
29 18 12 42 7 27
29 28
29 39 32
29 39 32 15 20 33
29 18 11 38 36 26 6 34
29 18 11 38 36
29 18 11 38
29 39
29 18 12 42
30 43 22 3
30 7 37 4
30 5
30 7
30 16 10
30 5 13
30 16
30 43 22
30 43 22 3 23
30 43 22 3 24
30 7 36 31
30 5 13 32
30 43 33
30 35
30 7 36
30 7 37
30 7 36 38
30 40
30 43
31 2
31 36 26 3
31 2 4
31 36 7 30 5
31 36 26 6
31 36 7
31 2 4 12
31 36 7 30 5 13
31 36 26 22 33 20 14
31 36 26 22 33 20 15
31 36 7 30 16
31 36 26 22 33 20
31 36 26 22
31 36 26 3 24
31 36 26 22 33 20 25
31 36 26
31 36 7 30
31 36 7 30 5 13 32
31 36 26 22 33
31 36 26 6 34
31 36
31 36 7 40
31 36 7 42
32 15 20 33 22 3
32 13 5
32 15 20 33 8 6
32 13 5 30 7
32 15 20 33 8
32 15 20 10
32 39 29 18 11
32 13
32 15
32 13 17 16
32 13 17
32 39 29 18
32 15 20
32 15 20 33 22
32 15 20 33 22 3 24
32 15 25
32 15 20 33 22 26
32 39 29
32 13 5 30
32 13 5 30 7 36 31
32 15 20 33
32 15 20 33 8 6 34
32 13 5 30 7 36
32 13 5 30 7 37
32 39 29 18 11 38
32 39
33 22 3
33 43 30 5
33 8 6
33 8
33 10
33 22 26 36 38 11
33 20 14
33 20 15
33 20
33 21
33 22
33 22 3 24
33 20 25
33 22 26
33 20 15 32 39 29
33 43 30
33 22 26 36 31
33 20 15 32
33 8 6 34
33 43 30 35
33 22 26 36
33 22 26 36 38
33 20 15 32 39
33 43 30 40
33 43
34 6 26 36 38 4
34 6
34 6 8
34 6 8 33 10
34 6 26 36 38 11
34 6 8 33 20 14
34 6 8 33 20 15
34 6 26 36 38 11 18
34 19
34 6 8 33 20
34 6 8 33 21
34 23
34 6 8 33 20 25
34 6 26
34 6 26 27
34 6 26 36 38 11 18 28
34 6 26 36 38 11 18 29
34 6 26 36 31
34 6 8 33 20 15 32
34 6 8 33
34 6 26 36
34 6 26 36 38
34 6 8 33 20 15 32 39
35 5 17 1
35 9 12 4 2
35 30 43 22 3
35 9 12 4
35 5
35 9
35 30 16 10
35 9 12 11
35 9 12
35 30 16
35 5 17
35 30 43 22
35 30 43 22 3 23
35 30 43 22 3 24
35 41 28
35 30
35 30 43 33
35 41 39
35 40
35 41
35 40 42
35 30 43
36 26 3
36 38 4
36 7 30 5
36 26 6
36 7
36 7 40 9
36 38 11
36 7 30 5 13
36 26 22 33 20 14
36 26 22 33 20 15
36 7 30 16
36 38 11 18
36 26 22 33 20
36 26 22
36 26 3 24
36 26 22 33 20 25
36 26
36 38 11 18 28
36 38 11 18 29
36 7 30
36 31
36 7 30 5 13 32
36 26 22 33
36 26 6 34
36 7 37
36 38
36 7 40
36 7 42
37 4 2
37 4
37 7 30 5
37 7
37 7 27 22 8
37 7 30 16 10
37 4 11
37 7 30 5 13
37 7 30 16
37 7 27 22
37 7 27
37 7 30
37 7 30 5 13 32
37 7 36
37 4 38
37 42
38 2
38 36 26 3
38 4
38 36 7 30 5
38 36 26 6
38 36 7
38 11
38 36 26 22 33 20 14
38 36 7 30 16
38 11 18
38 36 26 22 33 20
38 36 26 22
38 36 26 3 24
38 36 26 22 33 20 25
38 36 26
38 11 18 28
38 11 18 29
38 36 7 30
38 11 18 29 39 32
38 36 26 22 33
38 36 26 6 34
38 36
38 4 37
38 11 18 29 39
38 36 7 40
39 13 17 1
39 32 15 20 33 8 6
39 32 15 20 33 8
39 41 9
39 29 18 11
39 13
39 32 15
39 13 17 16
39 13 17
39 29 18
39 32 15 20
39 13 17 16 21
39 32 15 25
39 29
39 32
39 32 15 20 33
39 32 15 20 33 8 6 34
39 41 35
39 29 18 11 38
39 41
40 7
40 9
40 30 16 10
40 30 16
40 7 27
40 30
40 7 36 31
40 30 43 33
40 35
40 7 36
40 7 36 38
40 42
40 30 43
41 9 12 4 2
41 9 12 4
41 5
41 9
41 9 12
41 13
41 28 18
41 28
41 35
41 39
42 7
42 7 27 22 8
42 12 11
42 12
42 12 18
42 7 27 22
42 7 27
42 12 18 28
42 12 18 29
42 7 36 31
42 40 35
42 7 36
42 37
42 40
43 22 3
43 30 5
43 30 5 13
43 33 20 14
43 33 20 15
43 33 20
43 21
43 22
43 22 3 23
43 22 3 24
43 33 20 25
43 27
43 30
43 33
43 30 35
43 30 40