1 2
1 3
1 4
1 4 5
1 6 5
1 6
1 4 7
1 8 7
1 8
1 8 9
1 20 9
1 8 10
1 14 10
1 8 9 11
1 8 10 11
1 14 10 11
1 20 9 11
1 8 9 11 12
1 8 10 11 12
1 8 10 13 12
1 14 10 11 12
1 14 10 13 12
1 14 15 13 12
1 20 9 11 12
1 8 10 13
1 14 10 13
1 14 15 13
1 14
1 14 15
1 8 9 16
1 20 9 16
1 20 21 16
1 14 15 17
1 8 9 16 18
1 14 15 17 18
1 20 9 16 18
1 20 21 16 18
1 2 19
1 3 19
1 4 19
1 20
1 20 21
2 1
2 3
2 1 4
2 19 4
2 1 4 5
2 1 6 5
2 19 4 5
2 1 6
2 1 4 7
2 1 8 7
2 19 4 7
2 1 8
2 1 8 9
2 1 20 9
2 3 20 9
2 1 8 10
2 1 14 10
2 1 8 9 11
2 1 8 10 11
2 1 14 10 11
2 1 20 9 11
2 3 20 9 11
2 1 8 9 11 12
2 1 8 10 11 12
2 1 8 10 13 12
2 1 14 10 11 12
2 1 14 10 13 12
2 1 14 15 13 12
2 1 20 9 11 12
2 3 20 9 11 12
2 1 8 10 13
2 1 14 10 13
2 1 14 15 13
2 1 14
2 1 14 15
2 1 8 9 16
2 1 20 9 16
2 1 20 21 16
2 3 20 9 16
2 3 20 21 16
2 1 14 15 17
2 1 8 9 16 18
2 1 14 15 17 18
2 1 20 9 16 18
2 1 20 21 16 18
2 3 20 9 16 18
2 3 20 21 16 18
2 19
2 1 20
2 3 20
2 1 20 21
2 3 20 21
3 1
3 2
3 1 4
3 19 4
3 1 4 5
3 1 6 5
3 19 4 5
3 1 6
3 1 4 7
3 1 8 7
3 19 4 7
3 20 9 7
3 1 8
3 20 9
3 1 8 10
3 1 14 10
3 20 9 11
3 20 9 11 12
3 1 8 10 13
3 1 14 10 13
3 1 14 15 13
3 20 9 15 13
3 1 14
3 1 14 15
3 20 9 15
3 20 9 16
3 20 21 16
3 1 14 15 17
3 20 9 15 17
3 20 9 16 17
3 20 21 16 17
3 20 9 16 18
3 20 21 16 18
3 19
3 20
3 20 21
4 1
4 1 2
4 19 2
4 1 3
4 19 3
4 5
4 6
4 7
4 1 8
4 6 8
4 7 8
4 7 9
4 1 8 10
4 1 14 10
4 6 8 10
4 7 8 10
4 7 9 11
4 7 9 11 12
4 1 8 10 13
4 1 14 10 13
4 1 14 15 13
4 6 8 10 13
4 7 8 10 13
4 7 9 15 13
4 1 14
4 1 14 15
4 7 9 15
4 7 9 16
4 1 14 15 17
4 7 9 15 17
4 7 9 16 17
4 7 9 16 18
4 19
4 1 20
4 1 20 21
4 7 9 21
5 4 1
5 6 1
5 4 1 2
5 4 19 2
5 6 1 2
5 4 1 3
5 4 19 3
5 6 1 3
5 4
5 6
5 4 7
5 6 8
5 4 7 9
5 6 8 9
5 6 8 10
5 4 7 9 11
5 6 8 9 11
5 6 8 10 11
5 4 7 9 11 12
5 6 8 9 11 12
5 6 8 10 11 12
5 6 8 10 13 12
5 6 8 10 13
5 4 1 14
5 6 1 14
5 4 1 14 15
5 4 7 9 15
5 6 1 14 15
5 6 8 9 15
5 4 7 9 16
5 6 8 9 16
5 4 1 14 15 17
5 4 7 9 15 17
5 4 7 9 16 17
5 6 1 14 15 17
5 6 8 9 15 17
5 6 8 9 16 17
5 4 7 9 16 18
5 6 8 9 16 18
5 4 19
5 4 1 20
5 6 1 20
5 4 1 20 21
5 4 7 9 21
5 6 1 20 21
5 6 8 9 21
6 1
6 1 2
6 1 3
6 4
6 5
6 4 7
6 8 7
6 8
6 8 9
6 8 10
6 8 9 11
6 8 10 11
6 8 9 11 12
6 8 10 11 12
6 8 10 13 12
6 8 10 13
6 1 14
6 1 14 15
6 8 9 15
6 8 9 16
6 1 14 15 17
6 8 9 15 17
6 8 9 16 17
6 8 9 16 18
6 4 19
6 1 20
6 1 20 21
6 8 9 21
7 4 1
7 8 1
7 4 1 2
7 4 19 2
7 8 1 2
7 4 1 3
7 4 19 3
7 8 1 3
7 9 20 3
7 4
7 4 5
7 4 6
7 8 6
7 8
7 9
7 8 10
7 9 11
7 9 11 12
7 8 10 13
7 9 15 13
7 4 1 14
7 8 1 14
7 8 10 14
7 9 15 14
7 9 15
7 9 16
7 9 15 17
7 9 16 17
7 9 16 18
7 4 19
7 9 20
7 9 21
8 1
8 1 2
8 1 3
8 1 4
8 6 4
8 7 4
8 6 5
8 6
8 7
8 9
8 10
8 9 11
8 10 11
8 9 11 12
8 10 11 12
8 10 13 12
8 10 13
8 1 14
8 10 14
8 9 15
8 9 16
8 9 15 17
8 9 16 17
8 9 16 18
8 1 2 19
8 1 3 19
8 1 4 19
8 6 4 19
8 7 4 19
8 1 20
8 9 20
8 9 21
9 8 1
9 20 1
9 8 1 2
9 20 1 2
9 20 3 2
9 20 3
9 7 4
9 7 4 5
9 8 6 5
9 8 6
9 7
9 8
9 8 10
9 11 10
9 11
9 11 12
9 15 13
9 15 14
9 15
9 16
9 15 17
9 16 17
9 16 18
9 7 4 19
9 20 3 19
9 20
9 21
10 8 1
10 14 1
10 8 1 2
10 14 1 2
10 8 1 3
10 14 1 3
10 8 1 4
10 8 6 4
10 8 7 4
10 14 1 4
10 8 6 5
10 8 6
10 8 7
10 8
10 8 9
10 11 9
10 11
10 11 12
10 13 12
10 13
10 14
10 13 15
10 14 15
10 8 9 16
10 11 9 16
10 13 15 17
10 14 15 17
10 8 9 16 18
10 11 9 16 18
10 13 15 17 18
10 14 15 17 18
10 8 1 2 19
10 8 1 3 19
10 8 1 4 19
10 8 6 4 19
10 8 7 4 19
10 14 1 2 19
10 14 1 3 19
10 14 1 4 19
10 8 1 20
10 8 9 20
10 11 9 20
10 14 1 20
10 8 9 21
10 11 9 21
11 9 8 1
11 9 20 1
11 10 8 1
11 10 14 1
11 9 8 1 2
11 9 20 1 2
11 9 20 3 2
11 10 8 1 2
11 10 14 1 2
11 9 20 3
11 9 7 4
11 9 7 4 5
11 9 8 6 5
11 10 8 6 5
11 9 8 6
11 10 8 6
11 9 7
11 9 8
11 10 8
11 9
11 10
11 12
11 10 13
11 12 13
11 10 14
11 9 15
11 9 16
11 9 15 17
11 9 16 17
11 9 16 18
11 9 7 4 19
11 9 20 3 19
11 9 20
11 9 21
12 11 9 8 1
12 11 9 20 1
12 11 10 8 1
12 11 10 14 1
12 13 10 8 1
12 13 10 14 1
12 13 15 14 1
12 11 9 8 1 2
12 11 9 20 1 2
12 11 9 20 3 2
12 11 10 8 1 2
12 11 10 14 1 2
12 13 10 8 1 2
12 13 10 14 1 2
12 13 15 14 1 2
12 11 9 20 3
12 11 9 7 4
12 11 9 7 4 5
12 11 9 8 6 5
12 11 10 8 6 5
12 13 10 8 6 5
12 11 9 8 6
12 11 10 8 6
12 13 10 8 6
12 11 9 7
12 11 9 8
12 11 10 8
12 13 10 8
12 11 9
12 11 10
12 13 10
12 11
12 13
12 11 10 14
12 13 10 14
12 13 15 14
12 13 15
12 11 9 16
12 13 15 17
12 11 9 16 18
12 13 15 17 18
12 11 9 7 4 19
12 11 9 20 3 19
12 11 9 20
12 11 9 21
13 10 8 1
13 10 14 1
13 15 14 1
13 10 8 1 2
13 10 14 1 2
13 15 14 1 2
13 10 8 1 3
13 10 14 1 3
13 15 9 20 3
13 15 14 1 3
13 10 8 1 4
13 10 8 6 4
13 10 8 7 4
13 10 14 1 4
13 15 9 7 4
13 15 14 1 4
13 10 8 6 5
13 10 8 6
13 10 8 7
13 15 9 7
13 10 8
13 15 9
13 10
13 10 11
13 12 11
13 12
13 10 14
13 15 14
13 15
13 15 9 16
13 15 17 16
13 15 17
13 15 17 18
13 10 8 1 2 19
13 10 8 1 3 19
13 10 8 1 4 19
13 10 8 6 4 19
13 10 8 7 4 19
13 10 14 1 2 19
13 10 14 1 3 19
13 10 14 1 4 19
13 15 9 7 4 19
13 15 9 20 3 19
13 15 14 1 2 19
13 15 14 1 3 19
13 15 14 1 4 19
13 15 9 20
13 15 9 21
14 1
14 1 2
14 1 3
14 1 4
14 1 4 5
14 1 6 5
14 1 6
14 1 4 7
14 1 8 7
14 10 8 7
14 15 9 7
14 1 8
14 10 8
14 15 9
14 10
14 10 11
14 10 11 12
14 10 13 12
14 15 13 12
14 10 13
14 15 13
14 15
14 15 9 16
14 15 17 16
14 15 17
14 15 17 18
14 1 2 19
14 1 3 19
14 1 4 19
14 1 20
14 1 20 21
14 15 9 21
15 14 1
15 14 1 2
15 9 20 3
15 14 1 3
15 9 7 4
15 14 1 4
15 9 7 4 5
15 9 8 6 5
15 14 1 4 5
15 14 1 6 5
15 9 8 6
15 14 1 6
15 9 7
15 9 8
15 9
15 13 10
15 14 10
15 9 11
15 13 12
15 13
15 14
15 9 16
15 17 16
15 17
15 17 18
15 9 7 4 19
15 9 20 3 19
15 14 1 2 19
15 14 1 3 19
15 14 1 4 19
15 9 20
15 9 21
16 9 8 1
16 9 20 1
16 21 20 1
16 9 8 1 2
16 9 20 1 2
16 9 20 3 2
16 21 20 1 2
16 21 20 3 2
16 9 20 3
16 21 20 3
16 9 7 4
16 9 7 4 5
16 9 8 6 5
16 9 8 6
16 9 7
16 9 8
16 9
16 9 8 10
16 9 11 10
16 9 11
16 9 11 12
16 9 15 13
16 17 15 13
16 9 15 14
16 17 15 14
16 9 15
16 17 15
16 17
16 18
16 9 7 4 19
16 9 20 3 19
16 21 20 3 19
16 9 20
16 21 20
16 21
17 15 14 1
17 15 14 1 2
17 15 9 20 3
17 15 14 1 3
17 16 9 20 3
17 16 21 20 3
17 15 9 7 4
17 15 14 1 4
17 16 9 7 4
17 15 9 7 4 5
17 15 9 8 6 5
17 15 14 1 4 5
17 15 14 1 6 5
17 16 9 7 4 5
17 16 9 8 6 5
17 15 9 8 6
17 15 14 1 6
17 16 9 8 6
17 15 9 7
17 16 9 7
17 15 9 8
17 16 9 8
17 15 9
17 16 9
17 15 13 10
17 15 14 10
17 15 9 11
17 16 9 11
17 15 13 12
17 15 13
17 15 14
17 15
17 16
17 18
17 15 9 7 4 19
17 15 9 20 3 19
17 15 14 1 2 19
17 15 14 1 3 19
17 15 14 1 4 19
17 16 9 7 4 19
17 16 9 20 3 19
17 16 21 20 3 19
17 15 9 20
17 16 9 20
17 16 21 20
17 16 21
18 16 9 8 1
18 16 9 20 1
18 16 21 20 1
18 17 15 14 1
18 16 9 8 1 2
18 16 9 20 1 2
18 16 9 20 3 2
18 16 21 20 1 2
18 16 21 20 3 2
18 17 15 14 1 2
18 16 9 20 3
18 16 21 20 3
18 16 9 7 4
18 16 9 7 4 5
18 16 9 8 6 5
18 16 9 8 6
18 16 9 7
18 16 9 8
18 16 9
18 16 9 8 10
18 16 9 11 10
18 17 15 13 10
18 17 15 14 10
18 16 9 11
18 16 9 11 12
18 17 15 13 12
18 17 15 13
18 17 15 14
18 17 15
18 16
18 17
18 16 9 7 4 19
18 16 9 20 3 19
18 16 21 20 3 19
18 16 9 20
18 16 21 20
18 16 21
19 2 1
19 3 1
19 4 1
19 2
19 3
19 4
19 4 5
19 4 6
19 4 7
19 2 1 8
19 3 1 8
19 4 1 8
19 4 6 8
19 4 7 8
19 3 20 9
19 4 7 9
19 2 1 8 10
19 2 1 14 10
19 3 1 8 10
19 3 1 14 10
19 4 1 8 10
19 4 1 14 10
19 4 6 8 10
19 4 7 8 10
19 3 20 9 11
19 4 7 9 11
19 3 20 9 11 12
19 4 7 9 11 12
19 2 1 8 10 13
19 2 1 14 10 13
19 2 1 14 15 13
19 3 1 8 10 13
19 3 1 14 10 13
19 3 1 14 15 13
19 3 20 9 15 13
19 4 1 8 10 13
19 4 1 14 10 13
19 4 1 14 15 13
19 4 6 8 10 13
19 4 7 8 10 13
19 4 7 9 15 13
19 2 1 14
19 3 1 14
19 4 1 14
19 2 1 14 15
19 3 1 14 15
19 3 20 9 15
19 4 1 14 15
19 4 7 9 15
19 3 20 9 16
19 3 20 21 16
19 4 7 9 16
19 2 1 14 15 17
19 3 1 14 15 17
19 3 20 9 15 17
19 3 20 9 16 17
19 3 20 21 16 17
19 4 1 14 15 17
19 4 7 9 15 17
19 4 7 9 16 17
19 3 20 9 16 18
19 3 20 21 16 18
19 4 7 9 16 18
19 3 20
19 3 20 21
20 1
20 1 2
20 3 2
20 3
20 1 4
20 1 4 5
20 1 6 5
20 1 6
20 9 7
20 1 8
20 9 8
20 9
20 1 8 10
20 1 14 10
20 9 8 10
20 9 11 10
20 9 11
20 9 11 12
20 9 15 13
20 1 14
20 9 15
20 9 16
20 21 16
20 9 15 17
20 9 16 17
20 21 16 17
20 9 16 18
20 21 16 18
20 3 19
20 21
21 20 1
21 20 1 2
21 20 3 2
21 20 3
21 9 7 4
21 20 1 4
21 9 7 4 5
21 9 8 6 5
21 20 1 4 5
21 20 1 6 5
21 9 8 6
21 20 1 6
21 9 7
21 9 8
21 9
21 9 8 10
21 9 11 10
21 9 11
21 9 11 12
21 9 15 13
21 9 15 14
21 20 1 14
21 9 15
21 16
21 16 17
21 16 18
21 20 3 19
21 20