1 2
1 2 3
1 2 3 4
1 5
1 2 6
1 5 6
1 2 3 7
1 2 6 7
1 5 6 7
1 2 3 4 8
1 2 3 7 8
1 2 6 7 8
1 5 6 7 8
1 5 9
1 2 6 10
1 5 6 10
1 5 9 10
1 2 3 7 11
1 2 6 7 11
1 2 6 10 11
1 5 6 7 11
1 5 6 10 11
1 5 9 10 11
1 2 3 4 8 12
1 2 3 7 8 12
1 2 3 7 11 12
1 2 6 7 8 12
1 2 6 7 11 12
1 2 6 10 11 12
1 5 6 7 8 12
1 5 6 7 11 12
1 5 6 10 11 12
1 5 9 10 11 12
1 5 9 13
1 2 6 10 14
1 5 6 10 14
1 5 9 10 14
1 5 9 13 14
1 2 3 7 11 15
1 2 6 7 11 15
1 2 6 10 11 15
1 2 6 10 14 15
1 5 6 7 11 15
1 5 6 10 11 15
1 5 6 10 14 15
1 5 9 10 11 15
1 5 9 10 14 15
1 5 9 13 14 15
1 2 3 4 8 12 16
1 2 3 7 8 12 16
1 2 3 7 11 12 16
1 2 3 7 11 15 16
1 2 6 7 8 12 16
1 2 6 7 11 12 16
1 2 6 7 11 15 16
1 2 6 10 11 12 16
1 2 6 10 11 15 16
1 2 6 10 14 15 16
1 5 6 7 8 12 16
1 5 6 7 11 12 16
1 5 6 7 11 15 16
1 5 6 10 11 12 16
1 5 6 10 11 15 16
1 5 6 10 14 15 16
1 5 9 10 11 12 16
1 5 9 10 11 15 16
1 5 9 10 14 15 16
1 5 9 13 14 15 16
2 1
2 3
2 3 4
2 1 5
2 6 5
2 6
2 3 7
2 6 7
2 3 4 8
2 3 7 8
2 6 7 8
2 1 5 9
2 6 5 9
2 6 10 9
2 6 10
2 3 7 11
2 6 7 11
2 6 10 11
2 3 4 8 12
2 3 7 8 12
2 3 7 11 12
2 6 7 8 12
2 6 7 11 12
2 6 10 11 12
2 1 5 9 13
2 6 5 9 13
2 6 10 9 13
2 6 10 14 13
2 6 10 14
2 3 7 11 15
2 6 7 11 15
2 6 10 11 15
2 6 10 14 15
2 3 4 8 12 16
2 3 7 8 12 16
2 3 7 11 12 16
2 3 7 11 15 16
2 6 7 8 12 16
2 6 7 11 12 16
2 6 7 11 15 16
2 6 10 11 12 16
2 6 10 11 15 16
2 6 10 14 15 16
3 2 1
3 2
3 4
3 2 1 5
3 2 6 5
3 7 6 5
3 2 6
3 7 6
3 7
3 4 8
3 7 8
3 2 1 5 9
3 2 6 5 9
3 2 6 10 9
3 7 6 5 9
3 7 6 10 9
3 7 11 10 9
3 2 6 10
3 7 6 10
3 7 11 10
3 7 11
3 4 8 12
3 7 8 12
3 7 11 12
3 2 1 5 9 13
3 2 6 5 9 13
3 2 6 10 9 13
3 2 6 10 14 13
3 7 6 5 9 13
3 7 6 10 9 13
3 7 6 10 14 13
3 7 11 10 9 13
3 7 11 10 14 13
3 7 11 15 14 13
3 2 6 10 14
3 7 6 10 14
3 7 11 10 14
3 7 11 15 14
3 7 11 15
3 4 8 12 16
3 7 8 12 16
3 7 11 12 16
3 7 11 15 16
4 3 2 1
4 3 2
4 3
4 3 2 1 5
4 3 2 6 5
4 3 7 6 5
4 8 7 6 5
4 3 2 6
4 3 7 6
4 8 7 6
4 3 7
4 8 7
4 8
4 3 2 1 5 9
4 3 2 6 5 9
4 3 2 6 10 9
4 3 7 6 5 9
4 3 7 6 10 9
4 3 7 11 10 9
4 8 7 6 5 9
4 8 7 6 10 9
4 8 7 11 10 9
4 8 12 11 10 9
4 3 2 6 10
4 3 7 6 10
4 3 7 11 10
4 8 7 6 10
4 8 7 11 10
4 8 12 11 10
4 3 7 11
4 8 7 11
4 8 12 11
4 8 12
4 3 2 1 5 9 13
4 3 2 6 5 9 13
4 3 2 6 10 9 13
4 3 2 6 10 14 13
4 3 7 6 5 9 13
4 3 7 6 10 9 13
4 3 7 6 10 14 13
4 3 7 11 10 9 13
4 3 7 11 10 14 13
4 3 7 11 15 14 13
4 8 7 6 5 9 13
4 8 7 6 10 9 13
4 8 7 6 10 14 13
4 8 7 11 10 9 13
4 8 7 11 10 14 13
4 8 7 11 15 14 13
4 8 12 11 10 9 13
4 8 12 11 10 14 13
4 8 12 11 15 14 13
4 8 12 16 15 14 13
4 3 2 6 10 14
4 3 7 6 10 14
4 3 7 11 10 14
4 3 7 11 15 14
4 8 7 6 10 14
4 8 7 11 10 14
4 8 7 11 15 14
4 8 12 11 10 14
4 8 12 11 15 14
4 8 12 16 15 14
4 3 7 11 15
4 8 7 11 15
4 8 12 11 15
4 8 12 16 15
4 8 12 16
5 1
5 6 2
5 1 2
5 6 7 3
5 6 2 3
5 1 2 3
5 6 7 8 4
5 6 7 3 4
5 6 2 3 4
5 1 2 3 4
5 6
5 6 7
5 6 7 8
5 9
5 6 10
5 9 10
5 6 7 11
5 6 10 11
5 9 10 11
5 6 7 8 12
5 6 7 11 12
5 6 10 11 12
5 9 10 11 12
5 9 13
5 6 10 14
5 9 10 14
5 9 13 14
5 6 7 11 15
5 6 10 11 15
5 6 10 14 15
5 9 10 11 15
5 9 10 14 15
5 9 13 14 15
5 6 7 8 12 16
5 6 7 11 12 16
5 6 7 11 15 16
5 6 10 11 12 16
5 6 10 11 15 16
5 6 10 14 15 16
5 9 10 11 12 16
5 9 10 11 15 16
5 9 10 14 15 16
5 9 13 14 15 16
6 5 1
6 2 1
6 2
6 7 3
6 2 3
6 7 8 4
6 7 3 4
6 2 3 4
6 5
6 7
6 7 8
6 5 9
6 10 9
6 10
6 7 11
6 10 11
6 7 8 12
6 7 11 12
6 10 11 12
6 5 9 13
6 10 9 13
6 10 14 13
6 10 14
6 7 11 15
6 10 11 15
6 10 14 15
6 7 8 12 16
6 7 11 12 16
6 7 11 15 16
6 10 11 12 16
6 10 11 15 16
6 10 14 15 16
7 6 5 1
7 6 2 1
7 3 2 1
7 6 2
7 3 2
7 3
7 8 4
7 3 4
7 6 5
7 6
7 8
7 6 5 9
7 6 10 9
7 11 10 9
7 6 10
7 11 10
7 11
7 8 12
7 11 12
7 6 5 9 13
7 6 10 9 13
7 6 10 14 13
7 11 10 9 13
7 11 10 14 13
7 11 15 14 13
7 6 10 14
7 11 10 14
7 11 15 14
7 11 15
7 8 12 16
7 11 12 16
7 11 15 16
8 7 6 5 1
8 7 6 2 1
8 7 3 2 1
8 4 3 2 1
8 7 6 2
8 7 3 2
8 4 3 2
8 7 3
8 4 3
8 4
8 7 6 5
8 7 6
8 7
8 7 6 5 9
8 7 6 10 9
8 7 11 10 9
8 12 11 10 9
8 7 6 10
8 7 11 10
8 12 11 10
8 7 11
8 12 11
8 12
8 7 6 5 9 13
8 7 6 10 9 13
8 7 6 10 14 13
8 7 11 10 9 13
8 7 11 10 14 13
8 7 11 15 14 13
8 12 11 10 9 13
8 12 11 10 14 13
8 12 11 15 14 13
8 12 16 15 14 13
8 7 6 10 14
8 7 11 10 14
8 7 11 15 14
8 12 11 10 14
8 12 11 15 14
8 12 16 15 14
8 7 11 15
8 12 11 15
8 12 16 15
8 12 16
9 5 1
9 10 6 2
9 5 6 2
9 5 1 2
9 10 11 7 3
9 10 6 7 3
9 10 6 2 3
9 5 6 7 3
9 5 6 2 3
9 5 1 2 3
9 10 11 12 8 4
9 10 11 7 8 4
9 10 11 7 3 4
9 10 6 7 8 4
9 10 6 7 3 4
9 10 6 2 3 4
9 5 6 7 8 4
9 5 6 7 3 4
9 5 6 2 3 4
9 5 1 2 3 4
9 5
9 10 6
9 5 6
9 10 11 7
9 10 6 7
9 5 6 7
9 10 11 12 8
9 10 11 7 8
9 10 6 7 8
9 5 6 7 8
9 10
9 10 11
9 10 11 12
9 13
9 10 14
9 13 14
9 10 11 15
9 10 14 15
9 13 14 15
9 10 11 12 16
9 10 11 15 16
9 10 14 15 16
9 13 14 15 16
10 9 5 1
10 6 5 1
10 6 2 1
10 6 2
10 11 7 3
10 6 7 3
10 6 2 3
10 11 12 8 4
10 11 7 8 4
10 11 7 3 4
10 6 7 8 4
10 6 7 3 4
10 6 2 3 4
10 9 5
10 6 5
10 6
10 11 7
10 6 7
10 11 12 8
10 11 7 8
10 6 7 8
10 9
10 11
10 11 12
10 9 13
10 14 13
10 14
10 11 15
10 14 15
10 11 12 16
10 11 15 16
10 14 15 16
11 10 9 5 1
11 10 6 5 1
11 10 6 2 1
11 7 6 5 1
11 7 6 2 1
11 7 3 2 1
11 10 6 2
11 7 6 2
11 7 3 2
11 7 3
11 12 8 4
11 7 8 4
11 7 3 4
11 10 9 5
11 10 6 5
11 7 6 5
11 10 6
11 7 6
11 7
11 12 8
11 7 8
11 10 9
11 10
11 12
11 10 9 13
11 10 14 13
11 15 14 13
11 10 14
11 15 14
11 15
11 12 16
11 15 16
12 11 10 9 5 1
12 11 10 6 5 1
12 11 10 6 2 1
12 11 7 6 5 1
12 11 7 6 2 1
12 11 7 3 2 1
12 8 7 6 5 1
12 8 7 6 2 1
12 8 7 3 2 1
12 8 4 3 2 1
12 11 10 6 2
12 11 7 6 2
12 11 7 3 2
12 8 7 6 2
12 8 7 3 2
12 8 4 3 2
12 11 7 3
12 8 7 3
12 8 4 3
12 8 4
12 11 10 9 5
12 11 10 6 5
12 11 7 6 5
12 8 7 6 5
12 11 10 6
12 11 7 6
12 8 7 6
12 11 7
12 8 7
12 8
12 11 10 9
12 11 10
12 11
12 11 10 9 13
12 11 10 14 13
12 11 15 14 13
12 16 15 14 13
12 11 10 14
12 11 15 14
12 16 15 14
12 11 15
12 16 15
12 16
13 9 5 1
13 14 10 6 2
13 9 10 6 2
13 9 5 6 2
13 9 5 1 2
13 14 15 11 7 3
13 14 10 11 7 3
13 14 10 6 7 3
13 14 10 6 2 3
13 9 10 11 7 3
13 9 10 6 7 3
13 9 10 6 2 3
13 9 5 6 7 3
13 9 5 6 2 3
13 9 5 1 2 3
13 14 15 16 12 8 4
13 14 15 11 12 8 4
13 14 15 11 7 8 4
13 14 15 11 7 3 4
13 14 10 11 12 8 4
13 14 10 11 7 8 4
13 14 10 11 7 3 4
13 14 10 6 7 8 4
13 14 10 6 7 3 4
13 14 10 6 2 3 4
13 9 10 11 12 8 4
13 9 10 11 7 8 4
13 9 10 11 7 3 4
13 9 10 6 7 8 4
13 9 10 6 7 3 4
13 9 10 6 2 3 4
13 9 5 6 7 8 4
13 9 5 6 7 3 4
13 9 5 6 2 3 4
13 9 5 1 2 3 4
13 9 5
13 14 10 6
13 9 10 6
13 9 5 6
13 14 15 11 7
13 14 10 11 7
13 14 10 6 7
13 9 10 11 7
13 9 10 6 7
13 9 5 6 7
13 14 15 16 12 8
13 14 15 11 12 8
13 14 15 11 7 8
13 14 10 11 12 8
13 14 10 11 7 8
13 14 10 6 7 8
13 9 10 11 12 8
13 9 10 11 7 8
13 9 10 6 7 8
13 9 5 6 7 8
13 9
13 14 10
13 9 10
13 14 15 11
13 14 10 11
13 9 10 11
13 14 15 16 12
13 14 15 11 12
13 14 10 11 12
13 9 10 11 12
13 14
13 14 15
13 14 15 16
14 13 9 5 1
14 10 9 5 1
14 10 6 5 1
14 10 6 2 1
14 10 6 2
14 15 11 7 3
14 10 11 7 3
14 10 6 7 3
14 10 6 2 3
14 15 16 12 8 4
14 15 11 12 8 4
14 15 11 7 8 4
14 15 11 7 3 4
14 10 11 12 8 4
14 10 11 7 8 4
14 10 11 7 3 4
14 10 6 7 8 4
14 10 6 7 3 4
14 10 6 2 3 4
14 13 9 5
14 10 9 5
14 10 6 5
14 10 6
14 15 11 7
14 10 11 7
14 10 6 7
14 15 16 12 8
14 15 11 12 8
14 15 11 7 8
14 10 11 12 8
14 10 11 7 8
14 10 6 7 8
14 13 9
14 10 9
14 10
14 15 11
14 10 11
14 15 16 12
14 15 11 12
14 10 11 12
14 13
14 15
14 15 16
15 14 13 9 5 1
15 14 10 9 5 1
15 14 10 6 5 1
15 14 10 6 2 1
15 11 10 9 5 1
15 11 10 6 5 1
15 11 10 6 2 1
15 11 7 6 5 1
15 11 7 6 2 1
15 11 7 3 2 1
15 14 10 6 2
15 11 10 6 2
15 11 7 6 2
15 11 7 3 2
15 11 7 3
15 16 12 8 4
15 11 12 8 4
15 11 7 8 4
15 11 7 3 4
15 14 13 9 5
15 14 10 9 5
15 14 10 6 5
15 11 10 9 5
15 11 10 6 5
15 11 7 6 5
15 14 10 6
15 11 10 6
15 11 7 6
15 11 7
15 16 12 8
15 11 12 8
15 11 7 8
15 14 13 9
15 14 10 9
15 11 10 9
15 14 10
15 11 10
15 11
15 16 12
15 11 12
15 14 13
15 14
15 16
16 15 14 13 9 5 1
16 15 14 10 9 5 1
16 15 14 10 6 5 1
16 15 14 10 6 2 1
16 15 11 10 9 5 1
16 15 11 10 6 5 1
16 15 11 10 6 2 1
16 15 11 7 6 5 1
16 15 11 7 6 2 1
16 15 11 7 3 2 1
16 12 11 10 9 5 1
16 12 11 10 6 5 1
16 12 11 10 6 2 1
16 12 11 7 6 5 1
16 12 11 7 6 2 1
16 12 11 7 3 2 1
16 12 8 7 6 5 1
16 12 8 7 6 2 1
16 12 8 7 3 2 1
16 12 8 4 3 2 1
16 15 14 10 6 2
16 15 11 10 6 2
16 15 11 7 6 2
16 15 11 7 3 2
16 12 11 10 6 2
16 12 11 7 6 2
16 12 11 7 3 2
16 12 8 7 6 2
16 12 8 7 3 2
16 12 8 4 3 2
16 15 11 7 3
16 12 11 7 3
16 12 8 7 3
16 12 8 4 3
16 12 8 4
16 15 14 13 9 5
16 15 14 10 9 5
16 15 14 10 6 5
16 15 11 10 9 5
16 15 11 10 6 5
16 15 11 7 6 5
16 12 11 10 9 5
16 12 11 10 6 5
16 12 11 7 6 5
16 12 8 7 6 5
16 15 14 10 6
16 15 11 10 6
16 15 11 7 6
16 12 11 10 6
16 12 11 7 6
16 12 8 7 6
16 15 11 7
16 12 11 7
16 12 8 7
16 12 8
16 15 14 13 9
16 15 14 10 9
16 15 11 10 9
16 12 11 10 9
16 15 14 10
16 15 11 10
16 12 11 10
16 15 11
16 12 11
16 12
16 15 14 13
16 15 14
16 15