1 2
1 2 3
1 2 3 4
1 2 3 4 5
1 6
1 6 11
1 6 11 16
1 6 11 16 21
2 1
2 3
2 3 4
2 3 4 5
2 7
2 7 12
2 7 12 17
2 7 12 17 22
3 2 1
3 2
3 4
3 4 5
3 8
3 8 13
3 8 13 18
3 8 13 18 23
4 3 2 1
4 3 2
4 3
4 5
4 9
4 9 14
4 9 14 19
4 9 14 19 24
5 4 3 2 1
5 4 3 2
5 4 3
5 4
5 10
5 10 15
5 10 15 20
5 10 15 20 25
6 1
6 7
6 7 8
6 7 8 9
6 7 8 9 10
6 11
6 11 16
6 11 16 21
7 2
7 6
7 8
7 8 9
7 8 9 10
7 12
7 12 17
7 12 17 22
8 3
8 7 6
8 7
8 9
8 9 10
8 13
8 13 18
8 13 18 23
9 4
9 8 7 6
9 8 7
9 8
9 10
9 14
9 14 19
9 14 19 24
10 5
10 9 8 7 6
10 9 8 7
10 9 8
10 9
10 15
10 15 20
10 15 20 25
11 6 1
11 6
11 12
11 12 13
11 12 13 14
11 12 13 14 15
11 16
11 16 21
12 7 2
12 7
12 11
12 13
12 13 14
12 13 14 15
12 17
12 17 22
13 8 3
13 8
13 12 11
13 12
13 14
13 14 15
13 18
13 18 23
14 9 4
14 9
14 13 12 11
14 13 12
14 13
14 15
14 19
14 19 24
15 10 5
15 10
15 14 13 12 11
15 14 13 12
15 14 13
15 14
15 20
15 20 25
16 11 6 1
16 11 6
16 11
16 17
16 17 18
16 17 18 19
16 17 18 19 20
16 21
17 12 7 2
17 12 7
17 12
17 16
17 18
17 18 19
17 18 19 20
17 22
18 13 8 3
18 13 8
18 13
18 17 16
18 17
18 19
18 19 20
18 23
19 14 9 4
19 14 9
19 14
19 18 17 16
19 18 17
19 18
19 20
19 24
20 15 10 5
20 15 10
20 15
20 19 18 17 16
20 19 18 17
20 19 18
20 19
20 25
21 16 11 6 1
21 16 11 6
21 16 11
21 16
21 22
21 22 23
21 22 23 24
21 22 23 24 25
22 17 12 7 2
22 17 12 7
22 17 12
22 17
22 21
22 23
22 23 24
22 23 24 25
23 18 13 8 3
23 18 13 8
23 18 13
23 18
23 22 21
23 22
23 24
23 24 25
24 19 14 9 4
24 19 14 9
24 19 14
24 19
24 23 22 21
24 23 22
24 23
24 25
25 20 15 10 5
25 20 15 10
25 20 15
25 20
25 24 23 22 21
25 24 23 22
25 24 23
25 24