1 2
1 5 3
1 5
1 5 6
1 5 7
1 5 14
1 5 15
1 5 15 16
1 5 15 20
2 1
2 4 3
2 4
2 4 6
2 4 6 8
2 4 9
2 4 10
2 4 9 11
2 4 9 17
3 5 1
3 4 2
3 4
3 5
3 5 7
3 4 9
3 4 10
3 4 9 11
3 5 14
3 5 15
3 5 15 16
3 4 9 17
3 5 15 20
4 2
4 3
4 5
4 6
4 6 8
4 9
4 10
4 9 11
4 5 14
4 9 17
5 1
5 3
5 4
5 6
5 7
5 14
5 15
5 15 16
5 15 20
6 5 1
6 4 2
6 4
6 5
6 7
6 8
6 10
6 7 13
6 5 14
7 5 1
7 5 3
7 5
7 6
7 8
7 12
7 13
7 15
7 15 20
8 6 4 2
8 6 4
8 6
8 7
8 6 10
8 7 12
8 7 13
8 7 15
8 7 15 20
9 4 2
9 4 3
9 4
9 10
9 11
9 12
9 15
9 17
9 15 18
9 15 20
10 4 2
10 4 3
10 4
10 6
10 6 8
10 9
10 9 11
10 12
10 12 16
10 9 17
11 9 4 2
11 9 4 3
11 9 4
11 9
11 9 10
11 9 12
11 9 15
11 17 16
11 17
11 9 15 18
11 19
11 9 15 20
12 7
12 7 8
12 9
12 10
12 9 11
12 7 13
12 15
12 16
12 15 18
12 15 20
13 7 6
13 7
13 7 8
13 7 12
13 14
13 18
13 18 20
14 5 1
14 5 3
14 5 4
14 5
14 5 6
14 13
14 18
14 18 20
15 5 1
15 5 3
15 5
15 7
15 7 8
15 9
15 9 11
15 12
15 16
15 18
15 20
16 15 5 1
16 15 5 3
16 15 5
16 12 10
16 17 11
16 12
16 15
16 17
16 15 18
16 17 19
16 15 20
17 9 4 2
17 9 4 3
17 9 4
17 9
17 9 10
17 11
17 16
17 19
18 15 9
18 15 9 11
18 15 12
18 13
18 14
18 15
18 15 16
18 20
19 11
19 17 16
19 17
20 15 5 1
20 15 5 3
20 15 5
20 15 7
20 15 7 8
20 15 9
20 15 9 11
20 15 12
20 18 13
20 18 14
20 15
20 15 16
20 18
