1 2
1 3
1 4
1 4 5
1 4 5 6
1 2 8 6
1 3 7
1 2 8
1 4 9
1 3 7 10
1 2 8 11
1 3 7 12
1 4 9 13
1 4 9 14
2 1
2 3
2 1 4
2 1 4 5
2 8 6 5
2 8 6
2 3 7
2 8
2 1 4 9
2 3 7 10
2 8 11 10
2 8 11
2 3 7 12
2 8 11 13
2 8 11 14
3 1
3 2
3 1 4
3 7 5
3 2 8 6
3 7 5 6
3 7
3 2 8
3 1 4 9
3 7 10
3 2 8 11
3 7 10 11
3 7 12
3 7 12 13
3 7 12 14
4 1
4 1 2
4 1 3
4 5
4 5 6
4 5 7
4 5 6 8
4 1 2 8
4 9
4 5 7 10
4 9 13 11
4 9 14 11
4 5 7 12
4 9 13 12
4 9 14 12
4 9 13
4 9 14
5 4 1
5 4 1 2
5 6 8 2
5 7 3
5 4
5 6
5 7
5 6 8
5 4 9
5 7 10
5 6 8 11
5 7 10 11
5 7 12
5 4 9 13
5 7 12 13
5 4 9 14
5 7 12 14
6 5 4 1
6 8 2 1
6 8 2
6 8 2 3
6 5 7 3
6 5 4
6 5
6 5 7
6 8
6 5 4 9
6 5 7 10
6 8 11 10
6 8 11
6 5 7 12
6 8 11 13
6 8 11 14
7 3 1
7 3 2
7 3
7 5 4
7 5
7 5 6
7 3 2 8
7 5 6 8
7 10 11 8
7 5 4 9
7 12 13 9
7 12 14 9
7 10
7 10 11
7 12
7 12 13
7 12 14
8 2 1
8 2
8 2 3
8 6 5 4
8 2 1 4
8 6 5
8 6
8 2 3 7
8 6 5 7
8 11 10 7
8 11 13 9
8 11 14 9
8 11 10
8 11
8 11 13 12
8 11 14 12
8 11 13
8 11 14
9 4 1
9 4 1 2
9 4 1 3
9 4
9 4 5
9 4 5 6
9 4 5 7
9 13 12 7
9 14 12 7
9 13 11 8
9 14 11 8
9 13 11 10
9 13 11
9 14 11
9 13 12
9 14 12
9 13
9 14
10 7 3 1
10 7 3 2
10 11 8 2
10 7 3
10 7 5 4
10 7 5
10 7 5 6
10 11 8 6
10 7
10 11 8
10 11 13 9
10 11
10 7 12
10 11 13
10 11 14
11 8 2 1
11 8 2
11 8 2 3
11 10 7 3
11 13 9 4
11 14 9 4
11 8 6 5
11 10 7 5
11 8 6
11 10 7
11 8
11 13 9
11 14 9
11 10
11 13 12
11 14 12
11 13
11 14
12 7 3 1
12 7 3 2
12 7 3
12 7 5 4
12 13 9 4
12 14 9 4
12 7 5
12 7 5 6
12 7
12 13 11 8
12 14 11 8
12 13 9
12 14 9
12 7 10
12 13 11
12 14 11
12 13
12 14
13 9 4 1
13 11 8 2
13 12 7 3
13 9 4
13 9 4 5
13 12 7 5
13 11 8 6
13 12 7
13 11 8
13 9
13 11 10
13 11
13 12
13 9 14
13 11 14
13 12 14
14 9 4 1
14 11 8 2
14 12 7 3
14 9 4
14 9 4 5
14 12 7 5
14 11 8 6
14 12 7
14 11 8
14 9
14 11 10
14 11
14 12
14 9 13
14 11 13
14 12 13