1 2
1 3
1 4
1 6
1 8
1 14
1 14 15
1 14 15 17
1 20
1 20 21
2 1
2 3
2 1 6
2 1 8
2 1 14
2 1 14 15
2 1 14 15 17
2 19
3 1
3 2
3 1 6
3 1 8
3 20 9
3 20 9 11
3 20 9 11 12
3 1 14
3 19
3 20
3 20 21
4 1
4 5
4 6
4 7
4 7 9
4 7 9 11
4 7 9 11 12
4 1 14
4 7 9 16
4 7 9 16 18
4 19
4 1 20
5 4
5 6
5 4 7
5 6 8
5 6 8 10
5 6 8 10 13
5 4 19
6 1
6 1 2
6 1 3
6 4
6 5
6 8
6 8 9
6 8 10
6 8 10 13
6 1 14
6 8 9 16
6 8 9 16 18
6 4 19
6 1 20
7 4
7 4 5
7 8
7 9
7 8 10
7 9 11
7 9 11 12
7 9 15
7 9 16
7 9 16 18
7 4 19
7 9 20
7 9 21
8 1
8 1 2
8 1 3
8 6 5
8 6
8 7
8 9
8 10
8 10 13
8 9 15
8 9 16
8 9 16 18
8 9 21
9 20 3
9 7 4
9 8 6
9 7
9 8
9 11
9 11 12
9 15 13
9 15 14
9 15
9 16
9 16 18
9 20
9 21
10 8 6 5
10 8 6
10 8 7
10 8
10 11
10 13
10 14
11 9 20 3
11 9 7 4
11 9 7
11 9
11 10
11 12
11 10 14
11 9 15
11 9 16
11 9 16 18
11 9 20
11 9 21
12 11 9 20 3
12 11 9 7 4
12 11 9 7
12 11 9
12 11
12 13
12 13 15
12 11 9 16
12 13 15 17
12 11 9 20
12 11 9 21
13 10 8 6 5
13 10 8 6
13 10 8
13 15 9
13 10
13 12
13 15
13 15 17
13 15 17 18
13 15 9 20
13 15 9 21
14 1
14 1 2
14 1 3
14 1 4
14 1 6
14 15 9
14 10
14 10 11
14 15
14 15 17
14 15 17 18
14 1 20
15 14 1
15 14 1 2
15 9 7
15 9 8
15 9
15 9 11
15 13 12
15 13
15 14
15 17
15 17 18
15 9 20
15 9 21
16 9 7 4
16 9 8 6
16 9 7
16 9 8
16 9
16 9 11
16 9 11 12
16 17
16 18
16 21
17 15 14 1
17 15 14 1 2
17 15 13 12
17 15 13
17 15 14
17 15
17 16
17 18
17 16 21
18 16 9 7 4
18 16 9 8 6
18 16 9 7
18 16 9 8
18 16 9
18 16 9 11
18 17 15 13
18 17 15 14
18 17 15
18 16
18 17
18 16 21
19 2
19 3
19 4
19 4 5
19 4 6
19 4 7
19 3 20
19 3 20 21
20 1
20 3
20 1 4
20 1 6
20 9 7
20 9
20 9 11
20 9 11 12
20 9 15 13
20 1 14
20 9 15
20 3 19
20 21
21 20 1
21 20 3
21 9 7
21 9 8
21 9
21 9 11
21 9 11 12
21 9 15 13
21 9 15
21 16
21 16 17
21 16 18
21 20 3 19
21 20