1 10 16 30 7 36 31 2
1 10 16 30 7 36 38 2
1 10 16 30 7 37 4 2
1 10 33 22 26 36 31 2
1 10 33 22 26 36 38 2
1 17 5 30 7 36 31 2
1 17 5 30 7 36 38 2
1 17 5 30 7 37 4 2
1 17 5 35 9 12 4 2
1 17 5 41 9 12 4 2
1 17 13 41 9 12 4 2
1 17 16 30 7 36 31 2
1 17 16 30 7 36 38 2
1 17 16 30 7 37 4 2
1 20 33 22 26 36 31 2
1 20 33 22 26 36 38 2
1 10 33 22 3
1 20 33 22 3
1 10 16 30 7 37 4
1 17 5 30 7 37 4
1 17 5 35 9 12 4
1 17 5 41 9 12 4
1 17 13 41 9 12 4
1 17 16 30 7 37 4
1 17 5
1 10 33 8 6
1 20 33 8 6
1 10 16 30 7
1 17 5 30 7
1 17 16 30 7
1 10 33 8
1 20 33 8
1 17 5 35 9
1 17 5 41 9
1 17 13 41 9
1 10
1 17 5 35 9 12 11
1 17 5 41 9 12 11
1 17 5 41 28 18 11
1 17 13 39 29 18 11
1 17 13 41 9 12 11
1 17 13 41 28 18 11
1 17 5 35 9 12
1 17 5 41 9 12
1 17 13 41 9 12
1 17 13
1 20 14
1 20 15
1 10 16
1 17 16
1 17
1 17 5 41 28 18
1 17 13 39 29 18
1 17 13 41 28 18
1 10 33 8 6 23 19
1 10 33 8 6 34 19
1 10 33 22 3 23 19
1 10 33 22 3 24 19
1 20 33 8 6 23 19
1 20 33 8 6 34 19
1 20 33 22 3 23 19
1 20 33 22 3 24 19
1 20
1 10 21
1 10 33 22
1 20 33 22
1 10 33 8 6 23
1 10 33 22 3 23
1 20 33 8 6 23
1 20 33 22 3 23
1 10 33 22 3 24
1 20 33 22 3 24
1 20 25
1 10 33 22 26
1 20 33 22 26
1 10 21 43 27
1 10 33 22 27
1 10 33 43 27
1 20 33 22 27
1 20 33 43 27
1 17 5 41 28
1 17 13 41 28
1 17 13 39 29
1 10 16 30
1 17 5 30
1 17 16 30
1 10 16 30 7 36 31
1 10 33 22 26 36 31
1 17 5 30 7 36 31
1 17 16 30 7 36 31
1 20 33 22 26 36 31
1 17 13 32
1 20 15 32
1 10 33
1 20 33
1 10 33 8 6 34
1 20 33 8 6 34
1 17 5 35
1 10 16 30 7 36
1 10 33 22 26 36
1 17 5 30 7 36
1 17 16 30 7 36
1 20 33 22 26 36
1 10 16 30 7 37
1 17 5 30 7 37
1 17 16 30 7 37
1 10 16 30 7 36 38
1 10 33 22 26 36 38
1 17 5 30 7 36 38
1 17 16 30 7 36 38
1 20 33 22 26 36 38
1 17 13 39
1 10 16 30 40
1 17 5 30 40
1 17 5 35 40
1 17 16 30 40
1 17 5 41
1 17 13 41
1 10 16 30 7 42
1 10 16 30 40 42
1 17 5 30 7 42
1 17 5 30 40 42
1 17 5 35 40 42
1 17 16 30 7 42
1 17 16 30 40 42
1 10 21 43
1 10 33 43
1 20 33 43
2 4 12 9 35 5 17 1
2 4 12 9 41 5 17 1
2 4 12 9 41 13 17 1
2 4 37 7 30 5 17 1
2 4 37 7 30 16 10 1
2 4 37 7 30 16 17 1
2 31 36 7 30 5 17 1
2 31 36 7 30 16 10 1
2 31 36 7 30 16 17 1
2 31 36 26 22 33 10 1
2 31 36 26 22 33 20 1
2 38 36 7 30 5 17 1
2 38 36 7 30 16 10 1
2 38 36 7 30 16 17 1
2 38 36 26 22 33 10 1
2 38 36 26 22 33 20 1
2 31 36 26 3
2 38 36 26 3
2 4
2 4 12 9 35 5
2 4 12 9 41 5
2 4 37 7 30 5
2 31 36 7 30 5
2 38 36 7 30 5
2 31 36 26 6
2 38 36 26 6
2 4 37 7
2 31 36 7
2 38 36 7
2 31 36 26 6 8
2 31 36 26 22 8
2 38 36 26 6 8
2 38 36 26 22 8
2 4 12 9
2 4 37 7 30 16 10
2 31 36 7 30 16 10
2 31 36 26 22 33 10
2 38 36 7 30 16 10
2 38 36 26 22 33 10
2 4 11
2 38 11
2 4 12
2 4 12 9 41 13
2 31 36 26 22 33 20 14
2 38 36 26 22 33 20 14
2 4 11 18 29 39 32 15
2 4 12 9 41 13 32 15
2 4 12 9 41 39 32 15
2 4 12 18 29 39 32 15
2 31 36 26 22 33 20 15
2 38 11 18 29 39 32 15
2 38 36 26 22 33 20 15
2 4 37 7 30 16
2 31 36 7 30 16
2 38 36 7 30 16
2 4 12 9 35 5 17
2 4 12 9 41 5 17
2 4 12 9 41 13 17
2 4 37 7 30 5 17
2 4 37 7 30 16 17
2 31 36 7 30 5 17
2 31 36 7 30 16 17
2 38 36 7 30 5 17
2 38 36 7 30 16 17
2 4 11 18
2 4 12 18
2 38 11 18
2 31 36 26 3 23 19
2 31 36 26 3 24 19
2 31 36 26 6 23 19
2 31 36 26 6 34 19
2 38 36 26 3 23 19
2 38 36 26 3 24 19
2 38 36 26 6 23 19
2 38 36 26 6 34 19
2 31 36 26 22 33 20
2 38 36 26 22 33 20
2 4 37 7 27 43 21
2 4 37 7 30 16 21
2 4 37 7 30 43 21
2 31 36 7 27 43 21
2 31 36 7 30 16 21
2 31 36 7 30 43 21
2 31 36 26 22 33 21
2 31 36 26 22 43 21
2 31 36 26 27 43 21
2 38 36 7 27 43 21
2 38 36 7 30 16 21
2 38 36 7 30 43 21
2 38 36 26 22 33 21
2 38 36 26 22 43 21
2 38 36 26 27 43 21
2 31 36 26 22
2 38 36 26 22
2 31 36 26 3 23
2 31 36 26 6 23
2 38 36 26 3 23
2 38 36 26 6 23
2 31 36 26 3 24
2 38 36 26 3 24
2 31 36 26 22 33 20 25
2 38 36 26 22 33 20 25
2 31 36 26
2 38 36 26
2 4 37 7 27
2 31 36 7 27
2 31 36 26 27
2 38 36 7 27
2 38 36 26 27
2 4 11 18 28
2 4 12 18 28
2 38 11 18 28
2 4 11 18 29
2 4 12 18 29
2 38 11 18 29
2 4 37 7 30
2 31 36 7 30
2 38 36 7 30
2 31
2 4 11 18 29 39 32
2 4 12 9 41 13 32
2 4 12 9 41 39 32
2 4 12 18 29 39 32
2 38 11 18 29 39 32
2 31 36 26 22 33
2 38 36 26 22 33
2 31 36 26 6 34
2 38 36 26 6 34
2 4 12 9 35
2 31 36
2 38 36
2 4 37
2 38
2 4 11 18 29 39
2 4 12 9 41 39
2 4 12 18 29 39
2 38 11 18 29 39
2 4 12 9 40
2 4 12 42 40
2 4 37 7 40
2 4 37 42 40
2 31 36 7 40
2 38 36 7 40
2 4 12 9 41
2 4 12 42
2 4 37 42
2 4 37 7 27 43
2 4 37 7 30 43
2 31 36 7 27 43
2 31 36 7 30 43
2 31 36 26 22 43
2 31 36 26 27 43
2 38 36 7 27 43
2 38 36 7 30 43
2 38 36 26 22 43
2 38 36 26 27 43
3 22 33 10 1
3 22 33 20 1
3 26 36 31 2
3 26 36 38 2
3 26 36 38 4
3 22 43 30 5
3 6
3 22 27 7
3 26 27 7
3 26 36 7
3 6 8
3 22 8
3 22 27 7 40 9
3 22 43 30 35 9
3 22 43 30 40 9
3 26 27 7 40 9
3 26 36 7 40 9
3 22 33 10
3 26 36 38 11
3 22 27 7 42 12
3 26 27 7 42 12
3 26 36 7 42 12
3 26 36 38 4 12
3 26 36 38 11 12
3 22 43 30 5 13
3 22 33 20 14
3 22 33 20 15
3 22 33 10 16
3 22 33 21 16
3 22 43 21 16
3 22 43 30 16
3 22 33 10 1 17
3 22 33 10 16 17
3 22 33 20 1 17
3 22 33 21 16 17
3 22 43 21 16 17
3 22 43 30 5 17
3 22 43 30 16 17
3 26 36 38 11 18
3 23 19
3 24 19
3 22 33 20
3 22 33 21
3 22 43 21
3 22
3 23
3 24
3 22 33 20 25
3 26
3 22 27
3 26 27
3 22 43 30 5 41 28
3 22 43 30 35 41 28
3 26 36 38 11 18 28
3 26 36 38 11 18 29
3 22 43 30
3 26 36 31
3 22 33 20 15 32
3 22 33
3 6 34
3 23 34
3 22 43 30 35
3 26 36
3 22 27 7 37
3 26 27 7 37
3 26 36 7 37
3 26 36 38
3 22 33 20 15 32 39
3 22 43 30 5 13 39
3 22 43 30 5 41 39
3 22 43 30 35 41 39
3 22 27 7 40
3 22 43 30 40
3 26 27 7 40
3 26 36 7 40
3 22 43 30 5 41
3 22 43 30 35 41
3 22 27 7 42
3 26 27 7 42
3 26 36 7 42
3 22 43
4 12 9 35 5 17 1
4 12 9 41 5 17 1
4 12 9 41 13 17 1
4 37 7 30 5 17 1
4 37 7 30 16 10 1
4 37 7 30 16 17 1
4 2
4 38 36 26 3
4 12 9 35 5
4 12 9 41 5
4 37 7 30 5
4 38 36 26 6
4 37 7
4 37 7 27 22 8
4 38 36 26 6 8
4 38 36 26 22 8
4 12 9
4 37 7 30 16 10
4 11
4 12
4 12 9 41 13
4 37 7 27 22 33 20 14
4 37 7 27 43 33 20 14
4 37 7 30 16 10 20 14
4 37 7 30 43 33 20 14
4 38 36 26 22 33 20 14
4 11 18 29 39 32 15
4 12 9 41 13 32 15
4 12 9 41 39 32 15
4 12 18 29 39 32 15
4 37 7 30 16
4 12 9 35 5 17
4 12 9 41 5 17
4 12 9 41 13 17
4 37 7 30 5 17
4 37 7 30 16 17
4 11 18
4 12 18
4 38 36 26 3 23 19
4 38 36 26 3 24 19
4 38 36 26 6 23 19
4 38 36 26 6 34 19
4 37 7 27 22 33 20
4 37 7 27 43 33 20
4 37 7 30 16 10 20
4 37 7 30 43 33 20
4 38 36 26 22 33 20
4 37 7 27 43 21
4 37 7 30 16 21
4 37 7 30 43 21
4 37 7 27 22
4 38 36 26 22
4 38 36 26 3 23
4 38 36 26 6 23
4 38 36 26 3 24
4 11 18 29 39 32 15 25
4 12 9 41 13 32 15 25
4 12 9 41 39 32 15 25
4 12 18 29 39 32 15 25
4 37 7 27 22 33 20 25
4 37 7 27 43 33 20 25
4 37 7 30 16 10 20 25
4 37 7 30 43 33 20 25
4 38 36 26 22 33 20 25
4 38 36 26
4 37 7 27
4 11 18 28
4 12 18 28
4 11 18 29
4 12 18 29
4 37 7 30
4 2 31
4 11 18 29 39 32
4 12 9 41 13 32
4 12 9 41 39 32
4 12 18 29 39 32
4 37 7 27 22 33
4 37 7 27 43 33
4 37 7 30 43 33
4 38 36 26 22 33
4 38 36 26 6 34
4 12 9 35
4 38 36
4 37
4 38
4 11 18 29 39
4 12 9 41 39
4 12 18 29 39
4 12 9 40
4 12 42 40
4 37 7 40
4 37 42 40
4 12 9 41
4 12 42
4 37 42
4 37 7 27 43
4 37 7 30 43
5 17 1
5 30 7 36 31 2
5 30 7 36 38 2
5 30 7 37 4 2
5 35 9 12 4 2
5 41 9 12 4 2
5 30 43 22 3
5 30 7 37 4
5 35 9 12 4
5 41 9 12 4
5 30 7 27 26 6
5 30 7 36 26 6
5 30 43 22 3 6
5 30 43 22 8 6
5 30 43 22 26 6
5 30 43 27 26 6
5 30 43 33 8 6
5 30 7
5 30 43 22 8
5 30 43 33 8
5 35 9
5 41 9
5 17 1 10
5 17 16 10
5 30 16 10
5 35 9 12 11
5 41 9 12 11
5 41 28 18 11
5 35 9 12
5 41 9 12
5 13
5 17 1 20 14
5 13 32 15
5 17 16
5 30 16
5 17
5 41 28 18
5 30 43 22 3 23 19
5 30 43 22 3 24 19
5 17 1 20
5 17 16 21
5 30 16 21
5 30 43 21
5 30 43 22
5 30 43 22 3 23
5 30 43 22 3 24
5 13 32 15 25
5 17 1 20 25
5 30 7 27 26
5 30 7 36 26
5 30 43 22 26
5 30 43 27 26
5 30 7 27
5 30 43 27
5 41 28
5 13 39 29
5 41 28 29
5 41 39 29
5 30
5 30 7 36 31
5 13 32
5 30 43 33
5 30 7 27 26 6 34
5 30 7 36 26 6 34
5 30 43 22 3 6 34
5 30 43 22 3 23 34
5 30 43 22 8 6 34
5 30 43 22 26 6 34
5 30 43 27 26 6 34
5 30 43 33 8 6 34
5 35
5 30 7 36
5 30 7 37
5 30 7 36 38
5 13 39
5 41 39
5 30 40
5 35 40
5 41
5 30 7 42
5 30 40 42
5 35 40 42
5 30 43
6 8 33 10 1
6 8 33 20 1
6 26 36 31 2
6 26 36 38 2
6 3
6 26 36 38 4
6 3 22 43 30 5
6 8 22 43 30 5
6 8 33 43 30 5
6 26 22 43 30 5
6 26 27 7 30 5
6 26 27 43 30 5
6 26 36 7 30 5
6 26 27 7
6 26 36 7
6 8
6 26 27 7 40 9
6 26 36 7 40 9
6 8 33 10
6 26 36 38 11
6 26 27 7 42 12
6 26 36 7 42 12
6 26 36 38 4 12
6 26 36 38 11 12
6 3 22 43 30 5 13
6 8 22 43 30 5 13
6 8 33 10 1 17 13
6 8 33 10 16 17 13
6 8 33 20 1 17 13
6 8 33 20 15 32 13
6 8 33 21 16 17 13
6 8 33 43 30 5 13
6 26 22 43 30 5 13
6 26 27 7 30 5 13
6 26 27 43 30 5 13
6 26 36 7 30 5 13
6 8 33 20 14
6 8 33 20 15
6 8 33 10 16
6 8 33 21 16
6 8 33 10 1 17
6 8 33 10 16 17
6 8 33 20 1 17
6 8 33 21 16 17
6 26 36 38 11 18
6 23 19
6 34 19
6 8 33 20
6 8 33 21
6 3 22
6 8 22
6 26 22
6 23
6 3 24
6 23 24
6 8 33 20 25
6 26
6 26 27
6 26 36 38 11 18 28
6 26 36 38 11 18 29
6 3 22 43 30
6 8 22 43 30
6 8 33 43 30
6 26 22 43 30
6 26 27 7 30
6 26 27 43 30
6 26 36 7 30
6 26 36 31
6 8 33 20 15 32
6 8 33
6 34
6 3 22 43 30 35
6 8 22 43 30 35
6 8 33 43 30 35
6 26 22 43 30 35
6 26 27 7 30 35
6 26 27 7 40 35
6 26 27 43 30 35
6 26 36 7 30 35
6 26 36 7 40 35
6 26 36
6 26 27 7 37
6 26 36 7 37
6 26 36 38
6 8 33 20 15 32 39
6 26 27 7 40
6 26 36 7 40
6 3 22 43 30 5 41
6 3 22 43 30 35 41
6 8 22 43 30 5 41
6 8 22 43 30 35 41
6 8 33 43 30 5 41
6 8 33 43 30 35 41
6 26 22 43 30 5 41
6 26 22 43 30 35 41
6 26 27 7 30 5 41
6 26 27 7 30 35 41
6 26 27 7 40 9 41
6 26 27 7 40 35 41
6 26 27 43 30 5 41
6 26 27 43 30 35 41
6 26 36 7 30 5 41
6 26 36 7 30 35 41
6 26 36 7 40 9 41
6 26 36 7 40 35 41
6 26 27 7 42
6 26 36 7 42
6 3 22 43
6 8 22 43
6 8 33 43
6 26 22 43
6 26 27 43
7 30 5 17 1
7 30 16 10 1
7 30 16 17 1
7 36 31 2
7 36 38 2
7 37 4 2
7 27 22 3
7 27 26 3
7 36 26 3
7 37 4
7 30 5
7 27 26 6
7 36 26 6
7 27 22 8
7 40 9
7 30 16 10
7 36 38 11
7 37 4 11
7 42 12 11
7 42 12
7 30 5 13
7 27 22 33 20 14
7 27 43 33 20 14
7 30 16 10 20 14
7 30 43 33 20 14
7 27 22 33 20 15
7 27 43 33 20 15
7 30 5 13 32 15
7 30 16 10 20 15
7 30 43 33 20 15
7 30 16
7 30 5 17
7 30 16 17
7 42 12 18
7 27 22 3 23 19
7 27 22 3 24 19
7 27 26 3 23 19
7 27 26 3 24 19
7 27 26 6 23 19
7 27 26 6 34 19
7 36 26 3 23 19
7 36 26 3 24 19
7 36 26 6 23 19
7 36 26 6 34 19
7 27 22 33 20
7 27 43 33 20
7 30 16 10 20
7 30 43 33 20
7 27 43 21
7 30 16 21
7 30 43 21
7 27 22
7 27 22 3 23
7 27 26 3 23
7 27 26 6 23
7 36 26 3 23
7 36 26 6 23
7 27 22 3 24
7 27 26 3 24
7 36 26 3 24
7 27 22 33 20 25
7 27 43 33 20 25
7 30 16 10 20 25
7 30 43 33 20 25
7 27 26
7 36 26
7 27
7 30 5 41 28
7 30 35 41 28
7 40 9 41 28
7 40 35 41 28
7 42 12 18 28
7 42 12 18 29
7 30
7 36 31
7 30 5 13 32
7 27 22 33
7 27 43 33
7 30 43 33
7 27 26 6 34
7 36 26 6 34
7 30 35
7 40 35
7 36
7 37
7 36 38
7 30 5 13 39
7 30 5 41 39
7 30 35 41 39
7 40 9 41 39
7 40 35 41 39
7 40
7 30 5 41
7 30 35 41
7 40 9 41
7 40 35 41
7 42
7 27 43
7 30 43
8 33 10 1
8 33 20 1
8 6 26 36 31 2
8 6 26 36 38 2
8 22 26 36 31 2
8 22 26 36 38 2
8 6 3
8 22 3
8 6 26 36 38 4
8 22 26 36 38 4
8 22 27 7 37 4
8 22 43 30 5
8 33 43 30 5
8 6
8 22 27 7
8 22 27 7 40 9
8 22 43 30 35 9
8 22 43 30 40 9
8 33 43 30 35 9
8 33 43 30 40 9
8 33 10
8 6 26 36 38 11
8 22 26 36 38 11
8 22 27 7 42 12
8 22 43 30 5 13
8 33 10 1 17 13
8 33 10 16 17 13
8 33 20 1 17 13
8 33 20 15 32 13
8 33 21 16 17 13
8 33 43 30 5 13
8 33 20 14
8 33 20 15
8 33 10 16
8 33 21 16
8 33 10 1 17
8 33 10 16 17
8 33 20 1 17
8 33 21 16 17
8 6 26 36 38 11 18
8 22 26 36 38 11 18
8 22 27 7 42 12 18
8 6 23 19
8 6 34 19
8 33 20
8 33 21
8 22
8 6 23
8 6 3 24
8 6 23 24
8 22 3 24
8 33 20 25
8 6 26
8 22 26
8 22 27
8 22 43 30 5 41 28
8 22 43 30 35 41 28
8 33 43 30 5 41 28
8 33 43 30 35 41 28
8 33 20 15 32 39 29
8 22 43 30
8 33 43 30
8 6 26 36 31
8 22 26 36 31
8 33 20 15 32
8 33
8 6 34
8 22 43 30 35
8 33 43 30 35
8 6 26 36
8 22 26 36
8 22 27 7 37
8 6 26 36 38
8 22 26 36 38
8 33 20 15 32 39
8 22 27 7 40
8 22 43 30 40
8 33 43 30 40
8 22 43 30 5 41
8 22 43 30 35 41
8 33 43 30 5 41
8 33 43 30 35 41
8 22 27 7 42
8 22 43
8 33 43
9 35 5 17 1
9 41 5 17 1
9 41 13 17 1
9 12 4 2
9 35 30 43 22 3
9 40 7 27 22 3
9 40 7 27 26 3
9 40 7 36 26 3
9 40 30 43 22 3
9 12 4
9 35 5
9 41 5
9 40 7 27 26 6
9 40 7 36 26 6
9 40 7
9 35 30 43 22 8
9 35 30 43 33 8
9 40 7 27 22 8
9 40 30 43 22 8
9 40 30 43 33 8
9 35 30 16 10
9 40 30 16 10
9 12 11
9 12
9 41 13
9 35 5 17 1 20 14
9 35 30 16 10 20 14
9 35 30 43 33 20 14
9 40 30 16 10 20 14
9 40 30 43 33 20 14
9 41 5 17 1 20 14
9 41 13 17 1 20 14
9 41 13 32 15 20 14
9 41 13 32 15 25 14
9 41 39 32 15 20 14
9 41 39 32 15 25 14
9 41 13 32 15
9 41 39 32 15
9 35 30 16
9 40 30 16
9 35 5 17
9 41 5 17
9 41 13 17
9 12 18
9 35 30 43 22 3 23 19
9 35 30 43 22 3 24 19
9 40 7 27 22 3 23 19
9 40 7 27 22 3 24 19
9 40 7 27 26 3 23 19
9 40 7 27 26 3 24 19
9 40 7 27 26 6 23 19
9 40 7 27 26 6 34 19
9 40 7 36 26 3 23 19
9 40 7 36 26 3 24 19
9 40 7 36 26 6 23 19
9 40 7 36 26 6 34 19
9 40 30 43 22 3 23 19
9 40 30 43 22 3 24 19
9 35 5 17 1 20
9 35 30 16 10 20
9 35 30 43 33 20
9 40 30 16 10 20
9 40 30 43 33 20
9 41 5 17 1 20
9 41 13 17 1 20
9 41 13 32 15 20
9 41 39 32 15 20
9 35 30 16 21
9 35 30 43 21
9 40 30 16 21
9 40 30 43 21
9 35 30 43 22
9 40 7 27 22
9 40 30 43 22
9 35 30 43 22 3 23
9 40 7 27 22 3 23
9 40 7 27 26 3 23
9 40 7 27 26 6 23
9 40 7 36 26 3 23
9 40 7 36 26 6 23
9 40 30 43 22 3 23
9 35 30 43 22 3 24
9 40 7 27 22 3 24
9 40 7 27 26 3 24
9 40 7 36 26 3 24
9 40 30 43 22 3 24
9 41 13 32 15 25
9 41 39 32 15 25
9 40 7 27 26
9 40 7 36 26
9 40 7 27
9 41 28
9 12 18 29
9 41 28 29
9 41 39 29
9 35 30
9 40 30
9 12 4 2 31
9 40 7 36 31
9 41 13 32
9 41 39 32
9 35 30 43 33
9 40 30 43 33
9 40 7 27 26 6 34
9 40 7 36 26 6 34
9 35
9 40 7 36
9 12 4 37
9 12 42 37
9 40 7 37
9 40 42 37
9 12 4 38
9 12 11 38
9 41 39
9 40
9 41
9 12 42
9 40 42
9 35 30 43
9 40 30 43
10 1
10 16 30 7 36 31 2
10 16 30 7 36 38 2
10 16 30 7 37 4 2
10 33 22 26 36 31 2
10 33 22 26 36 38 2
10 33 22 3
10 16 30 7 37 4
10 1 17 5
10 16 17 5
10 16 30 5
10 33 8 6
10 16 30 7
10 33 8
10 16 30 35 9
10 16 30 40 9
10 16 30 7 36 38 11
10 16 30 7 37 4 11
10 16 30 7 42 12 11
10 16 30 35 9 12 11
10 16 30 40 9 12 11
10 16 30 40 42 12 11
10 33 22 26 36 38 11
10 16 30 7 42 12
10 16 30 35 9 12
10 16 30 40 9 12
10 16 30 40 42 12
10 1 17 13
10 16 17 13
10 20 14
10 20 15
10 16
10 1 17
10 16 17
10 1 17 5 41 28 18
10 1 17 13 39 29 18
10 1 17 13 41 28 18
10 16 17 5 41 28 18
10 16 17 13 39 29 18
10 16 17 13 41 28 18
10 16 30 5 41 28 18
10 16 30 7 42 12 18
10 16 30 35 9 12 18
10 16 30 35 41 28 18
10 16 30 40 9 12 18
10 16 30 40 42 12 18
10 20 15 32 39 29 18
10 33 8 6 23 19
10 33 8 6 34 19
10 33 22 3 23 19
10 33 22 3 24 19
10 20
10 21
10 33 22
10 33 8 6 23
10 33 22 3 23
10 33 22 3 24
10 20 25
10 33 22 26
10 21 43 27
10 33 22 27
10 33 43 27
10 1 17 5 41 28
10 1 17 13 41 28
10 16 17 5 41 28
10 16 17 13 41 28
10 16 30 5 41 28
10 16 30 35 41 28
10 1 17 13 39 29
10 16 17 13 39 29
10 20 15 32 39 29
10 16 30
10 16 30 7 36 31
10 33 22 26 36 31
10 20 15 32
10 33
10 33 8 6 34
10 16 30 35
10 16 30 7 36
10 33 22 26 36
10 16 30 7 37
10 16 30 7 36 38
10 33 22 26 36 38
10 1 17 13 39
10 16 17 13 39
10 20 15 32 39
10 16 30 40
10 1 17 5 41
10 1 17 13 41
10 16 17 5 41
10 16 17 13 41
10 16 30 5 41
10 16 30 35 41
10 16 30 7 42
10 16 30 40 42
10 21 43
10 33 43
11 12 9 35 5 17 1
11 12 9 41 5 17 1
11 12 9 41 13 17 1
11 18 28 41 5 17 1
11 18 28 41 13 17 1
11 18 29 39 13 17 1
11 4 2
11 38 2
11 38 36 26 3
11 4
11 12 9 35 5
11 12 9 41 5
11 18 28 41 5
11 38 36 26 6
11 4 37 7
11 12 42 7
11 38 36 7
11 38 36 26 6 8
11 38 36 26 22 8
11 12 9
11 4 37 7 30 16 10
11 12 9 35 30 16 10
11 12 9 40 30 16 10
11 12 42 7 30 16 10
11 12 42 40 30 16 10
11 38 36 7 30 16 10
11 38 36 26 22 33 10
11 12
11 12 9 41 13
11 18 28 41 13
11 18 29 39 13
11 18 29 39 32 15 20 14
11 18 29 39 32 15 25 14
11 38 36 26 22 33 20 14
11 18 29 39 32 15
11 4 37 7 30 16
11 12 9 35 30 16
11 12 9 40 30 16
11 12 42 7 30 16
11 12 42 40 30 16
11 38 36 7 30 16
11 12 9 35 5 17
11 12 9 41 5 17
11 12 9 41 13 17
11 18 28 41 5 17
11 18 28 41 13 17
11 18 29 39 13 17
11 18
11 38 36 26 3 23 19
11 38 36 26 3 24 19
11 38 36 26 6 23 19
11 38 36 26 6 34 19
11 18 29 39 32 15 20
11 38 36 26 22 33 20
11 4 37 7 27 43 21
11 4 37 7 30 16 21
11 4 37 7 30 43 21
11 12 9 35 30 16 21
11 12 9 35 30 43 21
11 12 9 40 30 16 21
11 12 9 40 30 43 21
11 12 42 7 27 43 21
11 12 42 7 30 16 21
11 12 42 7 30 43 21
11 12 42 40 30 16 21
11 12 42 40 30 43 21
11 38 36 7 27 43 21
11 38 36 7 30 16 21
11 38 36 7 30 43 21
11 38 36 26 22 33 21
11 38 36 26 22 43 21
11 38 36 26 27 43 21
11 38 36 26 22
11 38 36 26 3 23
11 38 36 26 6 23
11 38 36 26 3 24
11 18 29 39 32 15 25
11 38 36 26
11 4 37 7 27
11 12 42 7 27
11 38 36 7 27
11 38 36 26 27
11 18 28
11 18 29
11 4 37 7 30
11 12 9 35 30
11 12 9 40 30
11 12 42 7 30
11 12 42 40 30
11 38 36 7 30
11 4 2 31
11 38 2 31
11 38 36 31
11 18 29 39 32
11 38 36 26 22 33
11 38 36 26 6 34
11 12 9 35
11 38 36
11 4 37
11 38
11 18 29 39
11 12 9 40
11 12 42 40
11 12 9 41
11 18 28 41
11 12 42
11 4 37 7 27 43
11 4 37 7 30 43
11 12 9 35 30 43
11 12 9 40 30 43
11 12 42 7 27 43
11 12 42 7 30 43
11 12 42 40 30 43
11 38 36 7 27 43
11 38 36 7 30 43
11 38 36 26 22 43
11 38 36 26 27 43
12 9 35 5 17 1
12 9 41 5 17 1
12 9 41 13 17 1
12 4 2
12 4 38 36 26 3
12 11 38 36 26 3
12 42 7 27 22 3
12 42 7 27 26 3
12 42 7 36 26 3
12 4
12 9 35 5
12 9 41 5
12 4 38 36 26 6
12 11 38 36 26 6
12 42 7 27 26 6
12 42 7 36 26 6
12 42 7
12 42 7 27 22 8
12 9
12 9 35 30 16 10
12 9 40 30 16 10
12 42 7 30 16 10
12 42 40 30 16 10
12 11
12 9 41 13
12 9 35 5 17 1 20 14
12 9 35 30 16 10 20 14
12 9 35 30 43 33 20 14
12 9 40 30 16 10 20 14
12 9 40 30 43 33 20 14
12 9 41 5 17 1 20 14
12 9 41 13 17 1 20 14
12 9 41 13 32 15 20 14
12 9 41 13 32 15 25 14
12 9 41 39 32 15 20 14
12 9 41 39 32 15 25 14
12 18 29 39 32 15 20 14
12 18 29 39 32 15 25 14
12 42 7 27 22 33 20 14
12 42 7 27 43 33 20 14
12 42 7 30 16 10 20 14
12 42 7 30 43 33 20 14
12 42 40 30 16 10 20 14
12 42 40 30 43 33 20 14
12 9 41 13 32 15
12 9 41 39 32 15
12 18 29 39 32 15
12 9 35 30 16
12 9 40 30 16
12 42 7 30 16
12 42 40 30 16
12 9 35 5 17
12 9 41 5 17
12 9 41 13 17
12 18
12 4 38 36 26 3 23 19
12 4 38 36 26 3 24 19
12 4 38 36 26 6 23 19
12 4 38 36 26 6 34 19
12 11 38 36 26 3 23 19
12 11 38 36 26 3 24 19
12 11 38 36 26 6 23 19
12 11 38 36 26 6 34 19
12 42 7 27 22 3 23 19
12 42 7 27 22 3 24 19
12 42 7 27 26 3 23 19
12 42 7 27 26 3 24 19
12 42 7 27 26 6 23 19
12 42 7 27 26 6 34 19
12 42 7 36 26 3 23 19
12 42 7 36 26 3 24 19
12 42 7 36 26 6 23 19
12 42 7 36 26 6 34 19
12 9 35 5 17 1 20
12 9 35 30 16 10 20
12 9 35 30 43 33 20
12 9 40 30 16 10 20
12 9 40 30 43 33 20
12 9 41 5 17 1 20
12 9 41 13 17 1 20
12 9 41 13 32 15 20
12 9 41 39 32 15 20
12 18 29 39 32 15 20
12 42 7 27 22 33 20
12 42 7 27 43 33 20
12 42 7 30 16 10 20
12 42 7 30 43 33 20
12 42 40 30 16 10 20
12 42 40 30 43 33 20
12 9 35 30 16 21
12 9 35 30 43 21
12 9 40 30 16 21
12 9 40 30 43 21
12 42 7 27 43 21
12 42 7 30 16 21
12 42 7 30 43 21
12 42 40 30 16 21
12 42 40 30 43 21
12 42 7 27 22
12 4 38 36 26 3 23
12 4 38 36 26 6 23
12 11 38 36 26 3 23
12 11 38 36 26 6 23
12 42 7 27 22 3 23
12 42 7 27 26 3 23
12 42 7 27 26 6 23
12 42 7 36 26 3 23
12 42 7 36 26 6 23
12 4 38 36 26 3 24
12 11 38 36 26 3 24
12 42 7 27 22 3 24
12 42 7 27 26 3 24
12 42 7 36 26 3 24
12 9 41 13 32 15 25
12 9 41 39 32 15 25
12 18 29 39 32 15 25
12 4 38 36 26
12 11 38 36 26
12 42 7 27 26
12 42 7 36 26
12 42 7 27
12 18 28
12 18 29
12 9 35 30
12 9 40 30
12 42 7 30
12 42 40 30
12 4 2 31
12 9 41 13 32
12 9 41 39 32
12 18 29 39 32
12 9 35 30 43 33
12 9 40 30 43 33
12 42 7 27 22 33
12 42 7 27 43 33
12 42 7 30 43 33
12 42 40 30 43 33
12 4 38 36 26 6 34
12 11 38 36 26 6 34
12 42 7 27 26 6 34
12 42 7 36 26 6 34
12 9 35
12 4 38 36
12 11 38 36
12 42 7 36
12 4 37
12 42 37
12 4 38
12 11 38
12 9 41 39
12 18 29 39
12 9 40
12 42 40
12 9 41
12 42
12 9 35 30 43
12 9 40 30 43
12 42 7 27 43
12 42 7 30 43
12 42 40 30 43
13 17 1
13 41 9 12 4 2
13 5 30 43 22 3
13 41 9 12 4
13 5
13 5 30 7 27 26 6
13 5 30 7 36 26 6
13 5 30 43 22 3 6
13 5 30 43 22 8 6
13 5 30 43 22 26 6
13 5 30 43 27 26 6
13 5 30 43 33 8 6
13 17 1 10 33 8 6
13 17 1 20 33 8 6
13 17 16 10 33 8 6
13 17 16 21 33 8 6
13 32 15 20 33 8 6
13 5 30 7
13 5 30 43 22 8
13 5 30 43 33 8
13 17 1 10 33 8
13 17 1 20 33 8
13 17 16 10 33 8
13 17 16 21 33 8
13 32 15 20 33 8
13 41 9
13 17 1 10
13 17 16 10
13 39 29 18 11
13 41 9 12 11
13 41 28 18 11
13 41 9 12
13 17 1 20 14
13 32 15 20 14
13 32 15 25 14
13 32 15
13 17 16
13 17
13 39 29 18
13 41 28 18
13 5 30 43 22 3 23 19
13 5 30 43 22 3 24 19
13 17 1 20
13 32 15 20
13 17 16 21
13 5 30 43 22
13 5 30 43 22 3 23
13 5 30 43 22 3 24
13 32 15 25
13 5 30 7 27 26
13 5 30 7 36 26
13 5 30 43 22 26
13 5 30 43 27 26
13 5 30 7 27
13 5 30 43 27
13 41 28
13 39 29
13 5 30
13 5 30 7 36 31
13 32
13 5 30 43 33
13 17 1 10 33
13 17 1 20 33
13 17 16 10 33
13 17 16 21 33
13 32 15 20 33
13 5 30 7 27 26 6 34
13 5 30 7 36 26 6 34
13 5 30 43 22 3 6 34
13 5 30 43 22 3 23 34
13 5 30 43 22 8 6 34
13 5 30 43 22 26 6 34
13 5 30 43 27 26 6 34
13 5 30 43 33 8 6 34
13 17 1 10 33 8 6 34
13 17 1 20 33 8 6 34
13 17 16 10 33 8 6 34
13 17 16 21 33 8 6 34
13 32 15 20 33 8 6 34
13 5 35
13 41 35
13 5 30 7 36
13 5 30 7 37
13 5 30 7 36 38
13 39 29 18 11 38
13 41 9 12 4 38
13 41 9 12 11 38
13 41 28 18 11 38
13 39
13 5 30 40
13 5 35 40
13 41 9 40
13 41 35 40
13 41
13 5 30 7 42
13 5 30 40 42
13 5 35 40 42
13 41 9 12 42
13 41 9 40 42
13 41 35 40 42
13 5 30 43
14 20 1
14 20 33 22 26 36 31 2
14 20 33 22 26 36 38 2
14 20 33 22 3
14 20 10 16 30 7 37 4
14 20 33 22 26 36 38 4
14 20 33 22 27 7 37 4
14 20 33 43 27 7 37 4
14 20 33 43 30 7 37 4
14 20 1 17 5
14 20 33 8 6
14 20 10 16 30 7
14 20 33 22 27 7
14 20 33 43 27 7
14 20 33 43 30 7
14 20 33 8
14 20 1 17 5 35 9
14 20 1 17 5 41 9
14 20 1 17 13 41 9
14 20 10 16 30 35 9
14 20 10 16 30 40 9
14 20 15 32 13 41 9
14 20 15 32 39 41 9
14 20 33 43 30 35 9
14 20 33 43 30 40 9
14 25 15 32 13 41 9
14 25 15 32 39 41 9
14 20 10
14 20 15 32 39 29 18 11
14 20 33 22 26 36 38 11
14 25 15 32 39 29 18 11
14 20 1 17 5 35 9 12
14 20 1 17 5 41 9 12
14 20 1 17 13 41 9 12
14 20 10 16 30 7 42 12
14 20 10 16 30 35 9 12
14 20 10 16 30 40 9 12
14 20 10 16 30 40 42 12
14 20 15 32 13 41 9 12
14 20 15 32 39 29 18 12
14 20 15 32 39 41 9 12
14 20 33 22 27 7 42 12
14 20 33 43 27 7 42 12
14 20 33 43 30 7 42 12
14 20 33 43 30 35 9 12
14 20 33 43 30 40 9 12
14 20 33 43 30 40 42 12
14 25 15 32 13 41 9 12
14 25 15 32 39 29 18 12
14 25 15 32 39 41 9 12
14 20 1 17 13
14 20 15 32 13
14 25 15 32 13
14 20 15
14 25 15
14 20 10 16
14 20 1 17
14 20 15 32 39 29 18
14 25 15 32 39 29 18
14 20 33 8 6 23 19
14 20 33 8 6 34 19
14 20 33 22 3 23 19
14 20 33 22 3 24 19
14 20
14 20 10 21
14 20 33 21
14 20 33 22
14 20 33 8 6 23
14 20 33 22 3 23
14 20 33 22 3 24
14 25
14 20 33 22 26
14 20 33 22 27
14 20 33 43 27
14 20 1 17 5 41 28
14 20 1 17 13 41 28
14 20 15 32 13 41 28
14 20 15 32 39 29 28
14 20 15 32 39 41 28
14 25 15 32 13 41 28
14 25 15 32 39 29 28
14 25 15 32 39 41 28
14 20 15 32 39 29
14 25 15 32 39 29
14 20 10 16 30
14 20 33 43 30
14 20 33 22 26 36 31
14 20 15 32
14 25 15 32
14 20 33
14 20 33 8 6 34
14 20 1 17 5 35
14 20 10 16 30 35
14 20 33 43 30 35
14 20 33 22 26 36
14 20 10 16 30 7 37
14 20 33 22 27 7 37
14 20 33 43 27 7 37
14 20 33 43 30 7 37
14 20 33 22 26 36 38
14 20 15 32 39
14 25 15 32 39
14 20 10 16 30 40
14 20 33 43 30 40
14 20 1 17 5 41
14 20 1 17 13 41
14 20 15 32 13 41
14 20 15 32 39 41
14 25 15 32 13 41
14 25 15 32 39 41
14 20 10 16 30 7 42
14 20 10 16 30 40 42
14 20 33 22 27 7 42
14 20 33 43 27 7 42
14 20 33 43 30 7 42
14 20 33 43 30 40 42
14 20 33 43
15 20 1
15 20 33 22 26 36 31 2
15 20 33 22 26 36 38 2
15 32 13 41 9 12 4 2
15 32 39 29 18 11 4 2
15 32 39 29 18 11 38 2
15 32 39 29 18 12 4 2
15 32 39 41 9 12 4 2
15 20 33 22 3
15 32 13 41 9 12 4
15 32 39 29 18 11 4
15 32 39 29 18 12 4
15 32 39 41 9 12 4
15 32 13 5
15 20 33 8 6
15 20 10 16 30 7
15 20 33 22 27 7
15 20 33 43 27 7
15 20 33 43 30 7
15 32 13 5 30 7
15 20 33 8
15 32 13 41 9
15 32 39 41 9
15 20 10
15 32 39 29 18 11
15 32 13 41 9 12
15 32 39 29 18 12
15 32 39 41 9 12
15 32 13
15 20 14
15 25 14
15 20 10 16
15 20 1 17
15 32 13 17
15 32 39 29 18
15 20 33 8 6 23 19
15 20 33 8 6 34 19
15 20 33 22 3 23 19
15 20 33 22 3 24 19
15 20
15 20 10 21
15 20 33 21
15 20 33 22
15 20 33 8 6 23
15 20 33 22 3 23
15 20 33 22 3 24
15 25
15 20 33 22 26
15 20 33 22 27
15 20 33 43 27
15 32 13 41 28
15 32 39 29 28
15 32 39 41 28
15 32 39 29
15 20 10 16 30
15 20 33 43 30
15 32 13 5 30
15 20 33 22 26 36 31
15 32
15 20 33
15 20 33 8 6 34
15 32 13 5 35
15 32 13 41 35
15 32 39 41 35
15 20 33 22 26 36
15 20 10 16 30 7 37
15 20 33 22 27 7 37
15 20 33 43 27 7 37
15 20 33 43 30 7 37
15 32 13 5 30 7 37
15 20 33 22 26 36 38
15 32 39 29 18 11 38
15 32 39
15 20 10 16 30 40
15 20 33 43 30 40
15 32 13 5 30 40
15 32 13 5 35 40
15 32 13 41 9 40
15 32 13 41 35 40
15 32 39 41 9 40
15 32 39 41 35 40
15 32 13 41
15 32 39 41
15 20 10 16 30 7 42
15 20 10 16 30 40 42
15 20 33 22 27 7 42
15 20 33 43 27 7 42
15 20 33 43 30 7 42
15 20 33 43 30 40 42
15 32 13 5 30 7 42
15 32 13 5 30 40 42
15 32 13 5 35 40 42
15 32 13 41 9 12 42
15 32 13 41 9 40 42
15 32 13 41 35 40 42
15 32 39 29 18 12 42
15 32 39 41 9 12 42
15 32 39 41 9 40 42
15 32 39 41 35 40 42
15 20 33 43
16 10 1
16 17 1
16 30 7 36 31 2
16 30 7 36 38 2
16 30 7 37 4 2
16 10 33 22 3
16 21 33 22 3
16 21 43 22 3
16 30 43 22 3
16 30 7 37 4
16 17 5
16 30 5
16 10 33 8 6
16 21 33 8 6
16 30 7
16 10 33 8
16 21 33 8
16 30 35 9
16 30 40 9
16 10
16 30 7 36 38 11
16 30 7 37 4 11
16 30 7 42 12 11
16 30 35 9 12 11
16 30 40 9 12 11
16 30 40 42 12 11
16 30 7 42 12
16 30 35 9 12
16 30 40 9 12
16 30 40 42 12
16 17 13
16 10 20 14
16 10 20 15
16 17
16 17 5 41 28 18
16 17 13 39 29 18
16 17 13 41 28 18
16 30 5 41 28 18
16 30 7 42 12 18
16 30 35 9 12 18
16 30 35 41 28 18
16 30 40 9 12 18
16 30 40 42 12 18
16 10 33 8 6 23 19
16 10 33 8 6 34 19
16 10 33 22 3 23 19
16 10 33 22 3 24 19
16 21 33 8 6 23 19
16 21 33 8 6 34 19
16 21 33 22 3 23 19
16 21 33 22 3 24 19
16 21 43 22 3 23 19
16 21 43 22 3 24 19
16 30 43 22 3 23 19
16 30 43 22 3 24 19
16 10 20
16 21
16 10 33 22
16 21 33 22
16 21 43 22
16 30 43 22
16 10 33 8 6 23
16 10 33 22 3 23
16 21 33 8 6 23
16 21 33 22 3 23
16 21 43 22 3 23
16 30 43 22 3 23
16 10 33 22 3 24
16 21 33 22 3 24
16 21 43 22 3 24
16 30 43 22 3 24
16 10 20 25
16 10 33 22 26
16 21 33 22 26
16 21 43 22 26
16 21 43 27 26
16 30 7 27 26
16 30 7 36 26
16 30 43 22 26
16 30 43 27 26
16 21 43 27
16 30 7 27
16 30 43 27
16 17 5 41 28
16 17 13 41 28
16 30 5 41 28
16 30 35 41 28
16 17 13 39 29
16 30
16 30 7 36 31
16 17 13 32
16 10 33
16 21 33
16 10 33 8 6 34
16 21 33 8 6 34
16 30 35
16 30 7 36
16 30 7 37
16 30 7 36 38
16 17 13 39
16 30 40
16 17 5 41
16 17 13 41
16 30 5 41
16 30 35 41
16 30 7 42
16 30 40 42
16 21 43
16 30 43
17 1
17 5 30 7 36 31 2
17 5 30 7 36 38 2
17 5 30 7 37 4 2
17 5 35 9 12 4 2
17 5 41 9 12 4 2
17 13 41 9 12 4 2
17 16 30 7 36 31 2
17 16 30 7 36 38 2
17 16 30 7 37 4 2
17 1 10 33 22 3
17 1 20 33 22 3
17 5 30 43 22 3
17 16 10 33 22 3
17 16 21 33 22 3
17 16 21 43 22 3
17 16 30 43 22 3
17 5 30 7 37 4
17 5 35 9 12 4
17 5 41 9 12 4
17 13 41 9 12 4
17 16 30 7 37 4
17 5
17 1 10 33 8 6
17 1 20 33 8 6
17 16 10 33 8 6
17 16 21 33 8 6
17 5 30 7
17 16 30 7
17 1 10 33 8
17 1 20 33 8
17 16 10 33 8
17 16 21 33 8
17 5 35 9
17 5 41 9
17 13 41 9
17 1 10
17 16 10
17 5 35 9 12 11
17 5 41 9 12 11
17 5 41 28 18 11
17 13 39 29 18 11
17 13 41 9 12 11
17 13 41 28 18 11
17 5 35 9 12
17 5 41 9 12
17 13 41 9 12
17 13
17 1 20 14
17 1 20 15
17 13 32 15
17 16
17 5 41 28 18
17 13 39 29 18
17 13 41 28 18
17 1 10 33 8 6 23 19
17 1 10 33 8 6 34 19
17 1 10 33 22 3 23 19
17 1 10 33 22 3 24 19
17 1 20 33 8 6 23 19
17 1 20 33 8 6 34 19
17 1 20 33 22 3 23 19
17 1 20 33 22 3 24 19
17 5 30 43 22 3 23 19
17 5 30 43 22 3 24 19
17 16 10 33 8 6 23 19
17 16 10 33 8 6 34 19
17 16 10 33 22 3 23 19
17 16 10 33 22 3 24 19
17 16 21 33 8 6 23 19
17 16 21 33 8 6 34 19
17 16 21 33 22 3 23 19
17 16 21 33 22 3 24 19
17 16 21 43 22 3 23 19
17 16 21 43 22 3 24 19
17 16 30 43 22 3 23 19
17 16 30 43 22 3 24 19
17 1 20
17 16 21
17 1 10 33 22
17 1 20 33 22
17 5 30 43 22
17 16 10 33 22
17 16 21 33 22
17 16 21 43 22
17 16 30 43 22
17 1 10 33 8 6 23
17 1 10 33 22 3 23
17 1 20 33 8 6 23
17 1 20 33 22 3 23
17 5 30 43 22 3 23
17 16 10 33 8 6 23
17 16 10 33 22 3 23
17 16 21 33 8 6 23
17 16 21 33 22 3 23
17 16 21 43 22 3 23
17 16 30 43 22 3 23
17 1 10 33 22 3 24
17 1 20 33 22 3 24
17 5 30 43 22 3 24
17 16 10 33 22 3 24
17 16 21 33 22 3 24
17 16 21 43 22 3 24
17 16 30 43 22 3 24
17 1 20 25
17 1 10 33 22 26
17 1 20 33 22 26
17 5 30 7 27 26
17 5 30 7 36 26
17 5 30 43 22 26
17 5 30 43 27 26
17 16 10 33 22 26
17 16 21 33 22 26
17 16 21 43 22 26
17 16 21 43 27 26
17 16 30 7 27 26
17 16 30 7 36 26
17 16 30 43 22 26
17 16 30 43 27 26
17 5 30 7 27
17 5 30 43 27
17 16 21 43 27
17 16 30 7 27
17 16 30 43 27
17 5 41 28
17 13 41 28
17 13 39 29
17 5 30
17 16 30
17 5 30 7 36 31
17 16 30 7 36 31
17 13 32
17 1 10 33
17 1 20 33
17 16 10 33
17 16 21 33
17 1 10 33 8 6 34
17 1 20 33 8 6 34
17 16 10 33 8 6 34
17 16 21 33 8 6 34
17 5 35
17 5 30 7 36
17 16 30 7 36
17 5 30 7 37
17 16 30 7 37
17 5 30 7 36 38
17 16 30 7 36 38
17 13 39
17 5 30 40
17 5 35 40
17 16 30 40
17 5 41
17 13 41
17 5 30 7 42
17 5 30 40 42
17 5 35 40 42
17 16 30 7 42
17 16 30 40 42
17 5 30 43
17 16 21 43
17 16 30 43
18 28 41 5 17 1
18 28 41 13 17 1
18 29 39 13 17 1
18 11 4 2
18 11 38 2
18 12 4 2
18 11 38 36 26 3
18 11 4
18 12 4
18 28 41 5
18 11 38 36 26 6
18 12 42 7
18 11 38 36 26 6 8
18 11 38 36 26 22 8
18 12 42 7 27 22 8
18 12 9
18 12 9 35 30 16 10
18 12 9 40 30 16 10
18 12 42 7 30 16 10
18 12 42 40 30 16 10
18 28 41 5 17 1 10
18 28 41 5 17 16 10
18 28 41 5 30 16 10
18 28 41 13 17 1 10
18 28 41 13 17 16 10
18 28 41 35 30 16 10
18 29 39 13 17 1 10
18 29 39 13 17 16 10
18 29 39 32 15 20 10
18 11
18 12
18 28 41 13
18 29 39 13
18 29 39 32 15 20 14
18 29 39 32 15 25 14
18 29 39 32 15
18 12 9 35 30 16
18 12 9 40 30 16
18 12 42 7 30 16
18 12 42 40 30 16
18 28 41 5 17 16
18 28 41 5 30 16
18 28 41 13 17 16
18 28 41 35 30 16
18 29 39 13 17 16
18 28 41 5 17
18 28 41 13 17
18 29 39 13 17
18 11 38 36 26 3 23 19
18 11 38 36 26 3 24 19
18 11 38 36 26 6 23 19
18 11 38 36 26 6 34 19
18 29 39 32 15 20
18 12 9 35 30 16 21
18 12 9 35 30 43 21
18 12 9 40 30 16 21
18 12 9 40 30 43 21
18 12 42 7 27 43 21
18 12 42 7 30 16 21
18 12 42 7 30 43 21
18 12 42 40 30 16 21
18 12 42 40 30 43 21
18 28 41 5 17 16 21
18 28 41 5 30 16 21
18 28 41 5 30 43 21
18 28 41 13 17 16 21
18 28 41 35 30 16 21
18 28 41 35 30 43 21
18 29 39 13 17 16 21
18 11 38 36 26 22
18 12 42 7 27 22
18 11 38 36 26 3 23
18 11 38 36 26 6 23
18 11 38 36 26 3 24
18 29 39 32 15 25
18 11 38 36 26
18 12 42 7 27
18 28
18 29
18 12 9 35 30
18 12 9 40 30
18 12 42 7 30
18 12 42 40 30
18 28 41 5 30
18 28 41 35 30
18 11 4 2 31
18 11 38 2 31
18 11 38 36 31
18 12 4 2 31
18 29 39 32
18 11 38 36 26 22 33
18 12 9 35 30 43 33
18 12 9 40 30 43 33
18 12 42 7 27 22 33
18 12 42 7 27 43 33
18 12 42 7 30 43 33
18 12 42 40 30 43 33
18 28 41 5 30 43 33
18 28 41 35 30 43 33
18 29 39 32 15 20 33
18 11 38 36 26 6 34
18 12 9 35
18 28 41 35
18 11 38 36
18 11 4 37
18 12 4 37
18 12 42 37
18 11 38
18 29 39
18 12 9 40
18 12 42 40
18 28 41
18 12 42
18 12 9 35 30 43
18 12 9 40 30 43
18 12 42 7 27 43
18 12 42 7 30 43
18 12 42 40 30 43
18 28 41 5 30 43
18 28 41 35 30 43
19 23 3 22 33 10 1
19 23 3 22 33 20 1
19 23 6 8 33 10 1
19 23 6 8 33 20 1
19 24 3 22 33 10 1
19 24 3 22 33 20 1
19 34 6 8 33 10 1
19 34 6 8 33 20 1
19 23 3 26 36 31 2
19 23 3 26 36 38 2
19 23 6 26 36 31 2
19 23 6 26 36 38 2
19 24 3 26 36 31 2
19 24 3 26 36 38 2
19 34 6 26 36 31 2
19 34 6 26 36 38 2
19 23 3
19 24 3
19 23 3 26 36 38 4
19 23 6 26 36 38 4
19 24 3 26 36 38 4
19 34 6 26 36 38 4
19 23 3 22 43 30 5
19 24 3 22 43 30 5
19 23 6
19 34 6
19 23 3 22 27 7
19 23 3 26 27 7
19 23 3 26 36 7
19 23 6 26 27 7
19 23 6 26 36 7
19 24 3 22 27 7
19 24 3 26 27 7
19 24 3 26 36 7
19 34 6 26 27 7
19 34 6 26 36 7
19 23 6 8
19 34 6 8
19 23 3 22 27 7 40 9
19 23 3 22 43 30 35 9
19 23 3 22 43 30 40 9
19 23 3 26 27 7 40 9
19 23 3 26 36 7 40 9
19 23 6 26 27 7 40 9
19 23 6 26 36 7 40 9
19 24 3 22 27 7 40 9
19 24 3 22 43 30 35 9
19 24 3 22 43 30 40 9
19 24 3 26 27 7 40 9
19 24 3 26 36 7 40 9
19 34 6 26 27 7 40 9
19 34 6 26 36 7 40 9
19 23 3 22 33 10
19 23 6 8 33 10
19 24 3 22 33 10
19 34 6 8 33 10
19 23 3 26 36 38 11
19 23 6 26 36 38 11
19 24 3 26 36 38 11
19 34 6 26 36 38 11
19 23 3 22 27 7 42 12
19 23 3 26 27 7 42 12
19 23 3 26 36 7 42 12
19 23 3 26 36 38 4 12
19 23 3 26 36 38 11 12
19 23 6 26 27 7 42 12
19 23 6 26 36 7 42 12
19 23 6 26 36 38 4 12
19 23 6 26 36 38 11 12
19 24 3 22 27 7 42 12
19 24 3 26 27 7 42 12
19 24 3 26 36 7 42 12
19 24 3 26 36 38 4 12
19 24 3 26 36 38 11 12
19 34 6 26 27 7 42 12
19 34 6 26 36 7 42 12
19 34 6 26 36 38 4 12
19 34 6 26 36 38 11 12
19 23 3 22 43 30 5 13
19 24 3 22 43 30 5 13
19 23 3 22 33 20 14
19 23 6 8 33 20 14
19 24 3 22 33 20 14
19 34 6 8 33 20 14
19 23 3 22 33 20 15
19 23 6 8 33 20 15
19 24 3 22 33 20 15
19 34 6 8 33 20 15
19 23 3 22 33 10 16
19 23 3 22 33 21 16
19 23 3 22 43 21 16
19 23 3 22 43 30 16
19 23 6 8 33 10 16
19 23 6 8 33 21 16
19 24 3 22 33 10 16
19 24 3 22 33 21 16
19 24 3 22 43 21 16
19 24 3 22 43 30 16
19 34 6 8 33 10 16
19 34 6 8 33 21 16
19 23 3 22 33 10 1 17
19 23 3 22 33 10 16 17
19 23 3 22 33 20 1 17
19 23 3 22 33 21 16 17
19 23 3 22 43 21 16 17
19 23 3 22 43 30 5 17
19 23 3 22 43 30 16 17
19 23 6 8 33 10 1 17
19 23 6 8 33 10 16 17
19 23 6 8 33 20 1 17
19 23 6 8 33 21 16 17
19 24 3 22 33 10 1 17
19 24 3 22 33 10 16 17
19 24 3 22 33 20 1 17
19 24 3 22 33 21 16 17
19 24 3 22 43 21 16 17
19 24 3 22 43 30 5 17
19 24 3 22 43 30 16 17
19 34 6 8 33 10 1 17
19 34 6 8 33 10 16 17
19 34 6 8 33 20 1 17
19 34 6 8 33 21 16 17
19 23 3 26 36 38 11 18
19 23 6 26 36 38 11 18
19 24 3 26 36 38 11 18
19 34 6 26 36 38 11 18
19 23 3 22 33 20
19 23 6 8 33 20
19 24 3 22 33 20
19 34 6 8 33 20
19 23 3 22 33 21
19 23 3 22 43 21
19 23 6 8 33 21
19 24 3 22 33 21
19 24 3 22 43 21
19 34 6 8 33 21
19 23 3 22
19 24 3 22
19 23
19 24
19 23 3 22 33 20 25
19 23 6 8 33 20 25
19 24 3 22 33 20 25
19 34 6 8 33 20 25
19 23 3 26
19 23 6 26
19 24 3 26
19 34 6 26
19 23 3 22 27
19 23 3 26 27
19 23 6 26 27
19 24 3 22 27
19 24 3 26 27
19 34 6 26 27
19 23 3 22 43 30 5 41 28
19 23 3 22 43 30 35 41 28
19 23 3 26 36 38 11 18 28
19 23 6 26 36 38 11 18 28
19 24 3 22 43 30 5 41 28
19 24 3 22 43 30 35 41 28
19 24 3 26 36 38 11 18 28
19 34 6 26 36 38 11 18 28
19 23 3 26 36 38 11 18 29
19 23 6 26 36 38 11 18 29
19 24 3 26 36 38 11 18 29
19 34 6 26 36 38 11 18 29
19 23 3 22 43 30
19 24 3 22 43 30
19 23 3 26 36 31
19 23 6 26 36 31
19 24 3 26 36 31
19 34 6 26 36 31
19 23 3 22 33 20 15 32
19 23 6 8 33 20 15 32
19 24 3 22 33 20 15 32
19 34 6 8 33 20 15 32
19 23 3 22 33
19 23 6 8 33
19 24 3 22 33
19 34 6 8 33
19 34
19 23 3 22 43 30 35
19 24 3 22 43 30 35
19 23 3 26 36
19 23 6 26 36
19 24 3 26 36
19 34 6 26 36
19 23 3 22 27 7 37
19 23 3 26 27 7 37
19 23 3 26 36 7 37
19 23 6 26 27 7 37
19 23 6 26 36 7 37
19 24 3 22 27 7 37
19 24 3 26 27 7 37
19 24 3 26 36 7 37
19 34 6 26 27 7 37
19 34 6 26 36 7 37
19 23 3 26 36 38
19 23 6 26 36 38
19 24 3 26 36 38
19 34 6 26 36 38
19 23 3 22 33 20 15 32 39
19 23 3 22 43 30 5 13 39
19 23 3 22 43 30 5 41 39
19 23 3 22 43 30 35 41 39
19 23 6 8 33 20 15 32 39
19 24 3 22 33 20 15 32 39
19 24 3 22 43 30 5 13 39
19 24 3 22 43 30 5 41 39
19 24 3 22 43 30 35 41 39
19 34 6 8 33 20 15 32 39
19 23 3 22 27 7 40
19 23 3 22 43 30 40
19 23 3 26 27 7 40
19 23 3 26 36 7 40
19 23 6 26 27 7 40
19 23 6 26 36 7 40
19 24 3 22 27 7 40
19 24 3 22 43 30 40
19 24 3 26 27 7 40
19 24 3 26 36 7 40
19 34 6 26 27 7 40
19 34 6 26 36 7 40
19 23 3 22 43 30 5 41
19 23 3 22 43 30 35 41
19 24 3 22 43 30 5 41
19 24 3 22 43 30 35 41
19 23 3 22 27 7 42
19 23 3 26 27 7 42
19 23 3 26 36 7 42
19 23 6 26 27 7 42
19 23 6 26 36 7 42
19 24 3 22 27 7 42
19 24 3 26 27 7 42
19 24 3 26 36 7 42
19 34 6 26 27 7 42
19 34 6 26 36 7 42
19 23 3 22 43
19 24 3 22 43
20 1
20 33 22 26 36 31 2
20 33 22 26 36 38 2
20 33 22 3
20 10 16 30 7 37 4
20 33 22 26 36 38 4
20 33 22 27 7 37 4
20 33 43 27 7 37 4
20 33 43 30 7 37 4
20 1 17 5
20 33 8 6
20 10 16 30 7
20 33 22 27 7
20 33 43 27 7
20 33 43 30 7
20 33 8
20 1 17 5 35 9
20 1 17 5 41 9
20 1 17 13 41 9
20 10 16 30 35 9
20 10 16 30 40 9
20 15 32 13 41 9
20 15 32 39 41 9
20 33 43 30 35 9
20 33 43 30 40 9
20 10
20 15 32 39 29 18 11
20 33 22 26 36 38 11
20 1 17 5 35 9 12
20 1 17 5 41 9 12
20 1 17 13 41 9 12
20 10 16 30 7 42 12
20 10 16 30 35 9 12
20 10 16 30 40 9 12
20 10 16 30 40 42 12
20 15 32 13 41 9 12
20 15 32 39 29 18 12
20 15 32 39 41 9 12
20 33 22 27 7 42 12
20 33 43 27 7 42 12
20 33 43 30 7 42 12
20 33 43 30 35 9 12
20 33 43 30 40 9 12
20 33 43 30 40 42 12
20 1 17 13
20 15 32 13
20 14
20 15
20 10 16
20 1 17
20 15 32 39 29 18
20 33 8 6 23 19
20 33 8 6 34 19
20 33 22 3 23 19
20 33 22 3 24 19
20 10 21
20 33 21
20 33 22
20 33 8 6 23
20 33 22 3 23
20 33 22 3 24
20 25
20 33 22 26
20 33 22 27
20 33 43 27
20 1 17 5 41 28
20 1 17 13 41 28
20 15 32 13 41 28
20 15 32 39 29 28
20 15 32 39 41 28
20 15 32 39 29
20 10 16 30
20 33 43 30
20 33 22 26 36 31
20 15 32
20 33
20 33 8 6 34
20 1 17 5 35
20 10 16 30 35
20 33 43 30 35
20 33 22 26 36
20 10 16 30 7 37
20 33 22 27 7 37
20 33 43 27 7 37
20 33 43 30 7 37
20 33 22 26 36 38
20 15 32 39
20 10 16 30 40
20 33 43 30 40
20 1 17 5 41
20 1 17 13 41
20 15 32 13 41
20 15 32 39 41
20 10 16 30 7 42
20 10 16 30 40 42
20 33 22 27 7 42
20 33 43 27 7 42
20 33 43 30 7 42
20 33 43 30 40 42
20 33 43
21 10 1
21 16 30 7 36 31 2
21 16 30 7 36 38 2
21 16 30 7 37 4 2
21 33 22 26 36 31 2
21 33 22 26 36 38 2
21 43 22 26 36 31 2
21 43 22 26 36 38 2
21 43 27 7 36 31 2
21 43 27 7 36 38 2
21 43 27 7 37 4 2
21 43 27 26 36 31 2
21 43 27 26 36 38 2
21 43 30 7 36 31 2
21 43 30 7 36 38 2
21 43 30 7 37 4 2
21 33 22 3
21 43 22 3
21 16 30 7 37 4
21 43 27 7 37 4
21 43 30 7 37 4
21 16 17 5
21 16 30 5
21 43 30 5
21 33 8 6
21 16 30 7
21 43 27 7
21 43 30 7
21 33 8
21 16 30 35 9
21 16 30 40 9
21 43 30 35 9
21 43 30 40 9
21 10
21 16 30 7 36 38 11
21 16 30 7 37 4 11
21 16 30 7 42 12 11
21 16 30 35 9 12 11
21 16 30 40 9 12 11
21 16 30 40 42 12 11
21 33 22 26 36 38 11
21 43 22 26 36 38 11
21 43 27 7 36 38 11
21 43 27 7 37 4 11
21 43 27 7 42 12 11
21 43 27 26 36 38 11
21 43 30 7 36 38 11
21 43 30 7 37 4 11
21 43 30 7 42 12 11
21 43 30 35 9 12 11
21 43 30 40 9 12 11
21 43 30 40 42 12 11
21 16 30 7 42 12
21 16 30 35 9 12
21 16 30 40 9 12
21 16 30 40 42 12
21 43 27 7 42 12
21 43 30 7 42 12
21 43 30 35 9 12
21 43 30 40 9 12
21 43 30 40 42 12
21 16 17 13
21 10 20 14
21 33 20 14
21 10 20 15
21 33 20 15
21 16
21 16 17
21 16 17 5 41 28 18
21 16 17 13 39 29 18
21 16 17 13 41 28 18
21 16 30 5 41 28 18
21 16 30 7 42 12 18
21 16 30 35 9 12 18
21 16 30 35 41 28 18
21 16 30 40 9 12 18
21 16 30 40 42 12 18
21 43 27 7 42 12 18
21 43 30 5 41 28 18
21 43 30 7 42 12 18
21 43 30 35 9 12 18
21 43 30 35 41 28 18
21 43 30 40 9 12 18
21 43 30 40 42 12 18
21 33 8 6 23 19
21 33 8 6 34 19
21 33 22 3 23 19
21 33 22 3 24 19
21 43 22 3 23 19
21 43 22 3 24 19
21 10 20
21 33 20
21 33 22
21 43 22
21 33 8 6 23
21 33 22 3 23
21 43 22 3 23
21 33 22 3 24
21 43 22 3 24
21 10 20 25
21 33 20 25
21 33 22 26
21 43 22 26
21 43 27 26
21 43 27
21 16 17 5 41 28
21 16 17 13 41 28
21 16 30 5 41 28
21 16 30 35 41 28
21 43 30 5 41 28
21 43 30 35 41 28
21 16 17 13 39 29
21 16 30
21 43 30
21 16 30 7 36 31
21 33 22 26 36 31
21 43 22 26 36 31
21 43 27 7 36 31
21 43 27 26 36 31
21 43 30 7 36 31
21 10 20 15 32
21 16 17 13 32
21 33 20 15 32
21 33
21 33 8 6 34
21 16 30 35
21 43 30 35
21 16 30 7 36
21 33 22 26 36
21 43 22 26 36
21 43 27 7 36
21 43 27 26 36
21 43 30 7 36
21 16 30 7 37
21 43 27 7 37
21 43 30 7 37
21 16 30 7 36 38
21 33 22 26 36 38
21 43 22 26 36 38
21 43 27 7 36 38
21 43 27 26 36 38
21 43 30 7 36 38
21 16 17 13 39
21 16 30 40
21 43 30 40
21 16 17 5 41
21 16 17 13 41
21 16 30 5 41
21 16 30 35 41
21 43 30 5 41
21 43 30 35 41
21 16 30 7 42
21 16 30 40 42
21 43 27 7 42
21 43 30 7 42
21 43 30 40 42
21 43
22 33 10 1
22 33 20 1
22 26 36 31 2
22 26 36 38 2
22 3
22 26 36 38 4
22 27 7 37 4
22 43 30 5
22 3 6
22 8 6
22 26 6
22 27 7
22 8
22 27 7 40 9
22 43 30 35 9
22 43 30 40 9
22 33 10
22 26 36 38 11
22 27 7 42 12
22 43 30 5 13
22 33 20 14
22 33 20 15
22 33 10 16
22 33 21 16
22 43 21 16
22 43 30 16
22 33 10 1 17
22 33 10 16 17
22 33 20 1 17
22 33 21 16 17
22 43 21 16 17
22 43 30 5 17
22 43 30 16 17
22 26 36 38 11 18
22 27 7 42 12 18
22 3 23 19
22 3 24 19
22 33 20
22 33 21
22 43 21
22 3 23
22 3 24
22 33 20 25
22 26
22 27
22 43 30 5 41 28
22 43 30 35 41 28
22 26 36 38 11 18 29
22 27 7 42 12 18 29
22 33 20 15 32 39 29
22 43 30 5 13 39 29
22 43 30 5 41 28 29
22 43 30 5 41 39 29
22 43 30 35 41 28 29
22 43 30 35 41 39 29
22 43 30
22 26 36 31
22 33 20 15 32
22 33
22 3 6 34
22 3 23 34
22 8 6 34
22 26 6 34
22 43 30 35
22 26 36
22 27 7 37
22 26 36 38
22 33 20 15 32 39
22 43 30 5 13 39
22 43 30 5 41 39
22 43 30 35 41 39
22 27 7 40
22 43 30 40
22 43 30 5 41
22 43 30 35 41
22 27 7 42
22 43
23 3 22 33 10 1
23 3 22 33 20 1
23 6 8 33 10 1
23 6 8 33 20 1
23 3 26 36 31 2
23 3 26 36 38 2
23 6 26 36 31 2
23 6 26 36 38 2
23 3
23 3 26 36 38 4
23 6 26 36 38 4
23 3 22 43 30 5
23 6
23 3 22 27 7
23 3 26 27 7
23 3 26 36 7
23 6 26 27 7
23 6 26 36 7
23 6 8
23 3 22 27 7 40 9
23 3 22 43 30 35 9
23 3 22 43 30 40 9
23 3 26 27 7 40 9
23 3 26 36 7 40 9
23 6 26 27 7 40 9
23 6 26 36 7 40 9
23 3 22 33 10
23 6 8 33 10
23 3 26 36 38 11
23 6 26 36 38 11
23 3 22 27 7 42 12
23 3 26 27 7 42 12
23 3 26 36 7 42 12
23 3 26 36 38 4 12
23 3 26 36 38 11 12
23 6 26 27 7 42 12
23 6 26 36 7 42 12
23 6 26 36 38 4 12
23 6 26 36 38 11 12
23 3 22 43 30 5 13
23 3 22 33 20 14
23 6 8 33 20 14
23 3 22 33 20 15
23 6 8 33 20 15
23 3 22 33 10 16
23 3 22 33 21 16
23 3 22 43 21 16
23 3 22 43 30 16
23 6 8 33 10 16
23 6 8 33 21 16
23 3 22 33 10 1 17
23 3 22 33 10 16 17
23 3 22 33 20 1 17
23 3 22 33 21 16 17
23 3 22 43 21 16 17
23 3 22 43 30 5 17
23 3 22 43 30 16 17
23 6 8 33 10 1 17
23 6 8 33 10 16 17
23 6 8 33 20 1 17
23 6 8 33 21 16 17
23 3 26 36 38 11 18
23 6 26 36 38 11 18
23 19
23 3 22 33 20
23 6 8 33 20
23 3 22 33 21
23 3 22 43 21
23 6 8 33 21
23 3 22
23 24
23 3 22 33 20 25
23 6 8 33 20 25
23 3 26
23 6 26
23 3 22 27
23 3 26 27
23 6 26 27
23 3 22 43 30 5 41 28
23 3 22 43 30 35 41 28
23 3 26 36 38 11 18 28
23 6 26 36 38 11 18 28
23 3 26 36 38 11 18 29
23 6 26 36 38 11 18 29
23 3 22 43 30
23 3 26 36 31
23 6 26 36 31
23 3 22 33 20 15 32
23 6 8 33 20 15 32
23 3 22 33
23 6 8 33
23 34
23 3 22 43 30 35
23 3 26 36
23 6 26 36
23 3 22 27 7 37
23 3 26 27 7 37
23 3 26 36 7 37
23 6 26 27 7 37
23 6 26 36 7 37
23 3 26 36 38
23 6 26 36 38
23 3 22 33 20 15 32 39
23 3 22 43 30 5 13 39
23 3 22 43 30 5 41 39
23 3 22 43 30 35 41 39
23 6 8 33 20 15 32 39
23 3 22 27 7 40
23 3 22 43 30 40
23 3 26 27 7 40
23 3 26 36 7 40
23 6 26 27 7 40
23 6 26 36 7 40
23 3 22 43 30 5 41
23 3 22 43 30 35 41
23 3 22 27 7 42
23 3 26 27 7 42
23 3 26 36 7 42
23 6 26 27 7 42
23 6 26 36 7 42
23 3 22 43
24 3 22 33 10 1
24 3 22 33 20 1
24 3 26 36 31 2
24 3 26 36 38 2
24 3
24 3 26 36 38 4
24 3 22 43 30 5
24 3 6
24 23 6
24 3 22 27 7
24 3 26 27 7
24 3 26 36 7
24 3 6 8
24 3 22 8
24 23 6 8
24 3 22 27 7 40 9
24 3 22 43 30 35 9
24 3 22 43 30 40 9
24 3 26 27 7 40 9
24 3 26 36 7 40 9
24 3 22 33 10
24 3 26 36 38 11
24 3 22 27 7 42 12
24 3 26 27 7 42 12
24 3 26 36 7 42 12
24 3 26 36 38 4 12
24 3 26 36 38 11 12
24 3 22 43 30 5 13
24 3 22 33 20 14
24 3 22 33 20 15
24 3 22 33 10 16
24 3 22 33 21 16
24 3 22 43 21 16
24 3 22 43 30 16
24 3 22 33 10 1 17
24 3 22 33 10 16 17
24 3 22 33 20 1 17
24 3 22 33 21 16 17
24 3 22 43 21 16 17
24 3 22 43 30 5 17
24 3 22 43 30 16 17
24 3 26 36 38 11 18
24 19
24 3 22 33 20
24 3 22 33 21
24 3 22 43 21
24 3 22
24 23
24 3 22 33 20 25
24 3 26
24 3 22 27
24 3 26 27
24 3 22 43 30 5 41 28
24 3 22 43 30 35 41 28
24 3 26 36 38 11 18 28
24 3 26 36 38 11 18 29
24 3 22 43 30
24 3 26 36 31
24 3 22 33 20 15 32
24 3 22 33
24 19 34
24 23 34
24 3 22 43 30 35
24 3 26 36
24 3 22 27 7 37
24 3 26 27 7 37
24 3 26 36 7 37
24 3 26 36 38
24 3 22 33 20 15 32 39
24 3 22 43 30 5 13 39
24 3 22 43 30 5 41 39
24 3 22 43 30 35 41 39
24 3 22 27 7 40
24 3 22 43 30 40
24 3 26 27 7 40
24 3 26 36 7 40
24 3 22 43 30 5 41
24 3 22 43 30 35 41
24 3 22 27 7 42
24 3 26 27 7 42
24 3 26 36 7 42
24 3 22 43
25 20 1
25 20 33 22 26 36 31 2
25 20 33 22 26 36 38 2
25 20 33 22 3
25 15 32 13 41 9 12 4
25 15 32 39 29 18 11 4
25 15 32 39 29 18 12 4
25 15 32 39 41 9 12 4
25 20 10 16 30 7 37 4
25 20 33 22 26 36 38 4
25 20 33 22 27 7 37 4
25 20 33 43 27 7 37 4
25 20 33 43 30 7 37 4
25 15 32 13 5
25 20 1 17 5
25 20 33 8 6
25 20 10 16 30 7
25 20 33 22 27 7
25 20 33 43 27 7
25 20 33 43 30 7
25 20 33 8
25 15 32 13 41 9
25 15 32 39 41 9
25 20 10
25 15 32 39 29 18 11
25 15 32 13 41 9 12
25 15 32 39 29 18 12
25 15 32 39 41 9 12
25 15 32 13
25 14
25 15
25 20 10 16
25 20 1 17
25 15 32 39 29 18
25 20 33 8 6 23 19
25 20 33 8 6 34 19
25 20 33 22 3 23 19
25 20 33 22 3 24 19
25 20
25 20 10 21
25 20 33 21
25 20 33 22
25 20 33 8 6 23
25 20 33 22 3 23
25 20 33 22 3 24
25 20 33 22 26
25 20 33 22 27
25 20 33 43 27
25 15 32 13 41 28
25 15 32 39 29 28
25 15 32 39 41 28
25 15 32 39 29
25 20 10 16 30
25 20 33 43 30
25 20 33 22 26 36 31
25 15 32
25 20 33
25 20 33 8 6 34
25 15 32 13 5 35
25 15 32 13 41 35
25 15 32 39 41 35
25 20 1 17 5 35
25 20 10 16 30 35
25 20 33 43 30 35
25 20 33 22 26 36
25 20 10 16 30 7 37
25 20 33 22 27 7 37
25 20 33 43 27 7 37
25 20 33 43 30 7 37
25 20 33 22 26 36 38
25 15 32 39
25 20 10 16 30 40
25 20 33 43 30 40
25 15 32 13 41
25 15 32 39 41
25 20 10 16 30 7 42
25 20 10 16 30 40 42
25 20 33 22 27 7 42
25 20 33 43 27 7 42
25 20 33 43 30 7 42
25 20 33 43 30 40 42
25 20 33 43
26 22 33 10 1
26 22 33 20 1
26 36 31 2
26 36 38 2
26 3
26 36 38 4
26 22 43 30 5
26 27 7 30 5
26 27 43 30 5
26 36 7 30 5
26 6
26 27 7
26 36 7
26 6 8
26 22 8
26 27 7 40 9
26 36 7 40 9
26 22 33 10
26 36 38 11
26 27 7 42 12
26 36 7 42 12
26 36 38 4 12
26 36 38 11 12
26 22 43 30 5 13
26 27 7 30 5 13
26 27 43 30 5 13
26 36 7 30 5 13
26 22 33 20 14
26 22 33 20 15
26 22 33 10 16
26 22 33 21 16
26 22 43 21 16
26 22 43 30 16
26 27 7 30 16
26 27 43 21 16
26 27 43 30 16
26 36 7 30 16
26 22 33 10 1 17
26 22 33 10 16 17
26 22 33 20 1 17
26 22 33 21 16 17
26 22 43 21 16 17
26 22 43 30 5 17
26 22 43 30 16 17
26 27 7 30 5 17
26 27 7 30 16 17
26 27 43 21 16 17
26 27 43 30 5 17
26 27 43 30 16 17
26 36 7 30 5 17
26 36 7 30 16 17
26 36 38 11 18
26 3 23 19
26 3 24 19
26 6 23 19
26 6 34 19
26 22 33 20
26 22 33 21
26 22 43 21
26 27 43 21
26 22
26 3 23
26 6 23
26 3 24
26 22 33 20 25
26 27
26 36 38 11 18 28
26 36 38 11 18 29
26 22 43 30
26 27 7 30
26 27 43 30
26 36 7 30
26 36 31
26 22 33 20 15 32
26 22 33
26 6 34
26 22 43 30 35
26 27 7 30 35
26 27 7 40 35
26 27 43 30 35
26 36 7 30 35
26 36 7 40 35
26 36
26 27 7 37
26 36 7 37
26 36 38
26 22 33 20 15 32 39
26 22 43 30 5 13 39
26 22 43 30 5 41 39
26 22 43 30 35 41 39
26 27 7 30 5 13 39
26 27 7 30 5 41 39
26 27 7 30 35 41 39
26 27 7 40 9 41 39
26 27 7 40 35 41 39
26 27 43 30 5 13 39
26 27 43 30 5 41 39
26 27 43 30 35 41 39
26 36 7 30 5 13 39
26 36 7 30 5 41 39
26 36 7 30 35 41 39
26 36 7 40 9 41 39
26 36 7 40 35 41 39
26 36 38 11 18 29 39
26 27 7 40
26 36 7 40
26 22 43 30 5 41
26 22 43 30 35 41
26 27 7 30 5 41
26 27 7 30 35 41
26 27 7 40 9 41
26 27 7 40 35 41
26 27 43 30 5 41
26 27 43 30 35 41
26 36 7 30 5 41
26 36 7 30 35 41
26 36 7 40 9 41
26 36 7 40 35 41
26 27 7 42
26 36 7 42
26 22 43
26 27 43
27 22 33 10 1
27 22 33 20 1
27 43 21 10 1
27 43 33 10 1
27 43 33 20 1
27 7 36 31 2
27 7 36 38 2
27 7 37 4 2
27 26 36 31 2
27 26 36 38 2
27 22 3
27 26 3
27 7 37 4
27 7 30 5
27 43 30 5
27 26 6
27 7
27 22 8
27 7 40 9
27 22 33 10
27 43 21 10
27 43 33 10
27 7 36 38 11
27 7 37 4 11
27 7 42 12 11
27 26 36 38 11
27 7 42 12
27 7 30 5 13
27 43 30 5 13
27 22 33 20 14
27 43 33 20 14
27 22 33 20 15
27 43 33 20 15
27 7 30 16
27 43 21 16
27 43 30 16
27 7 30 5 17
27 7 30 16 17
27 43 21 16 17
27 43 30 5 17
27 43 30 16 17
27 7 42 12 18
27 22 3 23 19
27 22 3 24 19
27 26 3 23 19
27 26 3 24 19
27 26 6 23 19
27 26 6 34 19
27 22 33 20
27 43 33 20
27 43 21
27 22
27 22 3 23
27 26 3 23
27 26 6 23
27 22 3 24
27 26 3 24
27 22 33 20 25
27 43 33 20 25
27 26
27 7 30 5 41 28
27 7 30 35 41 28
27 7 40 9 41 28
27 7 40 35 41 28
27 7 42 12 18 28
27 43 30 5 41 28
27 43 30 35 41 28
27 7 42 12 18 29
27 7 30
27 43 30
27 7 36 31
27 26 36 31
27 7 30 5 13 32
27 22 33 20 15 32
27 43 30 5 13 32
27 43 33 20 15 32
27 22 33
27 43 33
27 26 6 34
27 7 30 35
27 7 40 35
27 43 30 35
27 7 36
27 26 36
27 7 37
27 7 36 38
27 26 36 38
27 7 30 5 13 39
27 7 30 5 41 39
27 7 30 35 41 39
27 7 40 9 41 39
27 7 40 35 41 39
27 43 30 5 13 39
27 43 30 5 41 39
27 43 30 35 41 39
27 7 40
27 7 30 5 41
27 7 30 35 41
27 7 40 9 41
27 7 40 35 41
27 43 30 5 41
27 43 30 35 41
27 7 42
27 43
28 41 5 17 1
28 41 13 17 1
28 18 11 4 2
28 18 11 38 2
28 18 12 4 2
28 18 11 38 36 26 3
28 41 5 30 43 22 3
28 41 35 30 43 22 3
28 18 11 4
28 18 12 4
28 41 5
28 18 11 38 36 26 6
28 18 12 42 7
28 41 5 30 7
28 41 9 40 7
28 41 35 30 7
28 41 35 40 7
28 41 5 30 43 22 8
28 41 5 30 43 33 8
28 41 35 30 43 22 8
28 41 35 30 43 33 8
28 41 9
28 41 5 17 1 10
28 41 5 17 16 10
28 41 5 30 16 10
28 41 13 17 1 10
28 41 13 17 16 10
28 41 35 30 16 10
28 18 11
28 18 12
28 41 13
28 29 39 32 15 20 14
28 29 39 32 15 25 14
28 41 5 17 1 20 14
28 41 13 17 1 20 14
28 41 13 32 15 20 14
28 41 13 32 15 25 14
28 41 39 32 15 20 14
28 41 39 32 15 25 14
28 29 39 32 15
28 41 13 32 15
28 41 39 32 15
28 41 5 17 16
28 41 5 30 16
28 41 13 17 16
28 41 35 30 16
28 41 5 17
28 41 13 17
28 18
28 18 11 38 36 26 3 23 19
28 18 11 38 36 26 3 24 19
28 18 11 38 36 26 6 23 19
28 18 11 38 36 26 6 34 19
28 41 5 30 43 22 3 23 19
28 41 5 30 43 22 3 24 19
28 41 35 30 43 22 3 23 19
28 41 35 30 43 22 3 24 19
28 29 39 32 15 20
28 41 5 17 1 20
28 41 13 17 1 20
28 41 13 32 15 20
28 41 39 32 15 20
28 41 5 17 16 21
28 41 5 30 16 21
28 41 5 30 43 21
28 41 13 17 16 21
28 41 35 30 16 21
28 41 35 30 43 21
28 41 5 30 43 22
28 41 35 30 43 22
28 18 11 38 36 26 3 23
28 18 11 38 36 26 6 23
28 41 5 30 43 22 3 23
28 41 35 30 43 22 3 23
28 18 11 38 36 26 3 24
28 41 5 30 43 22 3 24
28 41 35 30 43 22 3 24
28 29 39 32 15 25
28 41 13 32 15 25
28 41 39 32 15 25
28 18 11 38 36 26
28 18 12 42 7 27
28 41 5 30 7 27
28 41 5 30 43 27
28 41 9 40 7 27
28 41 35 30 7 27
28 41 35 30 43 27
28 41 35 40 7 27
28 29
28 41 5 30
28 41 35 30
28 18 11 4 2 31
28 18 11 38 2 31
28 18 11 38 36 31
28 18 12 4 2 31
28 29 39 32
28 41 13 32
28 41 39 32
28 41 5 30 43 33
28 41 35 30 43 33
28 18 11 38 36 26 6 34
28 41 35
28 18 11 38 36
28 18 11 4 37
28 18 12 4 37
28 18 12 42 37
28 18 11 38
28 29 39
28 41 39
28 41 9 40
28 41 35 40
28 41
28 18 12 42
28 41 5 30 43
28 41 35 30 43
29 39 13 17 1
29 18 11 4 2
29 18 11 38 2
29 18 12 4 2
29 18 11 38 36 26 3
29 18 11 4
29 18 12 4
29 28 41 5
29 39 13 5
29 39 41 5
29 18 11 38 36 26 6
29 18 12 42 7
29 39 32 15 20 33 8
29 18 12 9
29 28 41 9
29 39 41 9
29 39 13 17 1 10
29 39 13 17 16 10
29 39 32 15 20 10
29 18 11
29 18 12
29 39 13
29 39 32 15 20 14
29 39 32 15 25 14
29 39 32 15
29 39 13 17 16
29 39 13 17
29 18
29 18 11 38 36 26 3 23 19
29 18 11 38 36 26 3 24 19
29 18 11 38 36 26 6 23 19
29 18 11 38 36 26 6 34 19
29 39 32 15 20
29 39 13 17 16 21
29 18 11 38 36 26 22
29 18 12 42 7 27 22
29 28 41 5 30 43 22
29 28 41 35 30 43 22
29 39 13 5 30 43 22
29 39 32 15 20 33 22
29 39 41 5 30 43 22
29 39 41 35 30 43 22
29 18 11 38 36 26 3 23
29 18 11 38 36 26 6 23
29 18 11 38 36 26 3 24
29 39 32 15 25
29 18 11 38 36 26
29 18 12 42 7 27
29 28
29 28 41 5 30
29 28 41 35 30
29 39 13 5 30
29 39 41 5 30
29 39 41 35 30
29 18 11 4 2 31
29 18 11 38 2 31
29 18 11 38 36 31
29 18 12 4 2 31
29 39 32
29 39 32 15 20 33
29 18 11 38 36 26 6 34
29 28 41 35
29 39 41 35
29 18 11 38 36
29 18 11 4 37
29 18 12 4 37
29 18 12 42 37
29 18 11 38
29 39
29 18 12 9 40
29 18 12 42 40
29 28 41 9 40
29 28 41 35 40
29 39 41 9 40
29 39 41 35 40
29 28 41
29 39 41
29 18 12 42
29 28 41 5 30 43
29 28 41 35 30 43
29 39 13 5 30 43
29 39 41 5 30 43
29 39 41 35 30 43
30 5 17 1
30 16 10 1
30 16 17 1
30 7 36 31 2
30 7 36 38 2
30 7 37 4 2
30 43 22 3
30 7 37 4
30 5
30 7 27 26 6
30 7 36 26 6
30 43 22 3 6
30 43 22 8 6
30 43 22 26 6
30 43 27 26 6
30 43 33 8 6
30 7
30 43 22 8
30 43 33 8
30 35 9
30 40 9
30 16 10
30 7 36 38 11
30 7 37 4 11
30 7 42 12 11
30 35 9 12 11
30 40 9 12 11
30 40 42 12 11
30 7 42 12
30 35 9 12
30 40 9 12
30 40 42 12
30 5 13
30 16 10 20 14
30 43 33 20 14
30 5 13 32 15
30 16 10 20 15
30 43 33 20 15
30 16
30 5 17
30 16 17
30 5 41 28 18
30 7 42 12 18
30 35 9 12 18
30 35 41 28 18
30 40 9 12 18
30 40 42 12 18
30 43 22 3 23 19
30 43 22 3 24 19
30 16 10 20
30 43 33 20
30 16 21
30 43 21
30 43 22
30 43 22 3 23
30 43 22 3 24
30 16 10 20 25
30 43 33 20 25
30 7 27 26
30 7 36 26
30 43 22 26
30 43 27 26
30 7 27
30 43 27
30 5 41 28
30 35 41 28
30 5 13 39 29
30 5 41 28 29
30 5 41 39 29
30 35 41 28 29
30 35 41 39 29
30 7 36 31
30 5 13 32
30 43 33
30 7 27 26 6 34
30 7 36 26 6 34
30 43 22 3 6 34
30 43 22 3 23 34
30 43 22 8 6 34
30 43 22 26 6 34
30 43 27 26 6 34
30 43 33 8 6 34
30 35
30 7 36
30 7 37
30 7 36 38
30 5 13 39
30 5 41 39
30 35 41 39
30 40
30 5 41
30 35 41
30 7 42
30 40 42
30 43
31 36 7 30 5 17 1
31 36 7 30 16 10 1
31 36 7 30 16 17 1
31 36 26 22 33 10 1
31 36 26 22 33 20 1
31 2
31 36 26 3
31 2 4
31 36 7 30 5
31 36 26 6
31 36 7
31 36 26 6 8
31 36 26 22 8
31 2 4 12 9
31 36 7 40 9
31 36 7 30 16 10
31 36 26 22 33 10
31 2 4 11
31 2 38 11
31 36 38 11
31 2 4 12
31 36 7 30 5 13
31 36 26 22 33 20 14
31 36 26 22 33 20 15
31 36 7 30 16
31 36 7 30 5 17
31 36 7 30 16 17
31 2 4 11 18
31 2 4 12 18
31 2 38 11 18
31 36 38 11 18
31 36 26 3 23 19
31 36 26 3 24 19
31 36 26 6 23 19
31 36 26 6 34 19
31 36 26 22 33 20
31 36 7 27 43 21
31 36 7 30 16 21
31 36 7 30 43 21
31 36 26 22 33 21
31 36 26 22 43 21
31 36 26 27 43 21
31 36 26 22
31 36 26 3 23
31 36 26 6 23
31 36 26 3 24
31 36 26 22 33 20 25
31 36 26
31 36 7 27
31 36 26 27
31 2 4 11 18 28
31 2 4 12 18 28
31 2 38 11 18 28
31 36 38 11 18 28
31 2 4 11 18 29
31 2 4 12 18 29
31 2 38 11 18 29
31 36 38 11 18 29
31 36 7 30
31 36 7 30 5 13 32
31 36 26 22 33
31 36 26 6 34
31 36 7 30 35
31 36 7 40 35
31 36
31 2 4 37
31 36 7 37
31 2 38
31 36 38
31 2 4 11 18 29 39
31 2 4 12 9 41 39
31 2 4 12 18 29 39
31 2 38 11 18 29 39
31 36 7 30 5 13 39
31 36 7 30 5 41 39
31 36 7 30 35 41 39
31 36 7 40 9 41 39
31 36 7 40 35 41 39
31 36 38 11 18 29 39
31 36 7 40
31 2 4 12 9 41
31 36 7 30 5 41
31 36 7 30 35 41
31 36 7 40 9 41
31 36 7 40 35 41
31 36 7 42
31 36 7 27 43
31 36 7 30 43
31 36 26 22 43
31 36 26 27 43
32 13 17 1
32 15 20 1
32 13 41 9 12 4 2
32 39 29 18 11 4 2
32 39 29 18 11 38 2
32 39 29 18 12 4 2
32 39 41 9 12 4 2
32 15 20 33 22 3
32 13 41 9 12 4
32 39 29 18 11 4
32 39 29 18 12 4
32 39 41 9 12 4
32 13 5
32 15 20 33 8 6
32 13 5 30 7
32 15 20 33 8
32 13 41 9
32 39 41 9
32 15 20 10
32 39 29 18 11
32 13 41 9 12
32 39 29 18 12
32 39 41 9 12
32 13
32 15 20 14
32 15 25 14
32 15
32 13 17 16
32 13 17
32 39 29 18
32 15 20 33 8 6 23 19
32 15 20 33 8 6 34 19
32 15 20 33 22 3 23 19
32 15 20 33 22 3 24 19
32 15 20
32 13 17 16 21
32 15 20 10 21
32 15 20 33 21
32 15 20 33 22
32 15 20 33 8 6 23
32 15 20 33 22 3 23
32 15 20 33 22 3 24
32 15 25
32 15 20 33 22 26
32 13 5 30 7 27
32 13 5 30 43 27
32 15 20 33 22 27
32 15 20 33 43 27
32 13 41 28
32 39 29 28
32 39 41 28
32 39 29
32 13 5 30
32 13 5 30 7 36 31
32 15 20 33
32 15 20 33 8 6 34
32 13 5 35
32 13 41 35
32 39 41 35
32 13 5 30 7 36
32 13 5 30 7 37
32 39 29 18 11 38
32 39
32 13 5 30 40
32 13 5 35 40
32 13 41 9 40
32 13 41 35 40
32 39 41 9 40
32 39 41 35 40
32 13 41
32 39 41
32 13 5 30 7 42
32 13 5 30 40 42
32 13 5 35 40 42
32 13 41 9 12 42
32 13 41 9 40 42
32 13 41 35 40 42
32 39 29 18 12 42
32 39 41 9 12 42
32 39 41 9 40 42
32 39 41 35 40 42
32 13 5 30 43
32 15 20 33 43
33 10 1
33 20 1
33 22 26 36 31 2
33 22 26 36 38 2
33 22 3
33 22 26 36 38 4
33 22 27 7 37 4
33 43 27 7 37 4
33 43 30 7 37 4
33 43 30 5
33 8 6
33 22 27 7
33 43 27 7
33 43 30 7
33 8
33 43 30 35 9
33 43 30 40 9
33 10
33 22 26 36 38 11
33 22 27 7 42 12
33 43 27 7 42 12
33 43 30 7 42 12
33 43 30 35 9 12
33 43 30 40 9 12
33 43 30 40 42 12
33 10 1 17 13
33 10 16 17 13
33 20 1 17 13
33 20 15 32 13
33 21 16 17 13
33 43 30 5 13
33 20 14
33 20 15
33 10 16
33 21 16
33 10 1 17
33 10 16 17
33 20 1 17
33 21 16 17
33 20 15 32 39 29 18
33 22 26 36 38 11 18
33 22 27 7 42 12 18
33 43 27 7 42 12 18
33 43 30 5 41 28 18
33 43 30 7 42 12 18
33 43 30 35 9 12 18
33 43 30 35 41 28 18
33 43 30 40 9 12 18
33 43 30 40 42 12 18
33 8 6 23 19
33 8 6 34 19
33 22 3 23 19
33 22 3 24 19
33 20
33 21
33 22
33 8 6 23
33 22 3 23
33 22 3 24
33 20 25
33 22 26
33 22 27
33 43 27
33 43 30 5 41 28
33 43 30 35 41 28
33 20 15 32 39 29
33 43 30
33 22 26 36 31
33 20 15 32
33 8 6 34
33 43 30 35
33 22 26 36
33 22 27 7 37
33 43 27 7 37
33 43 30 7 37
33 22 26 36 38
33 20 15 32 39
33 43 30 40
33 43 30 5 41
33 43 30 35 41
33 22 27 7 42
33 43 27 7 42
33 43 30 7 42
33 43 30 40 42
33 43
34 6 8 33 10 1
34 6 8 33 20 1
34 6 26 36 31 2
34 6 26 36 38 2
34 6 3
34 23 3
34 6 26 36 38 4
34 6 3 22 43 30 5
34 6 8 22 43 30 5
34 6 8 33 43 30 5
34 6 26 22 43 30 5
34 6 26 27 7 30 5
34 6 26 27 43 30 5
34 6 26 36 7 30 5
34 23 3 22 43 30 5
34 6
34 6 26 27 7
34 6 26 36 7
34 6 8
34 6 26 27 7 40 9
34 6 26 36 7 40 9
34 6 8 33 10
34 6 26 36 38 11
34 6 26 27 7 42 12
34 6 26 36 7 42 12
34 6 26 36 38 4 12
34 6 26 36 38 11 12
34 6 3 22 43 30 5 13
34 6 8 22 43 30 5 13
34 6 8 33 10 1 17 13
34 6 8 33 10 16 17 13
34 6 8 33 20 1 17 13
34 6 8 33 20 15 32 13
34 6 8 33 21 16 17 13
34 6 8 33 43 30 5 13
34 6 26 22 43 30 5 13
34 6 26 27 7 30 5 13
34 6 26 27 43 30 5 13
34 6 26 36 7 30 5 13
34 23 3 22 43 30 5 13
34 6 8 33 20 14
34 6 8 33 20 15
34 6 8 33 10 16
34 6 8 33 21 16
34 6 8 33 10 1 17
34 6 8 33 10 16 17
34 6 8 33 20 1 17
34 6 8 33 21 16 17
34 6 26 36 38 11 18
34 19
34 6 8 33 20
34 6 8 33 21
34 6 3 22
34 6 8 22
34 6 26 22
34 23 3 22
34 23
34 19 24
34 23 24
34 6 8 33 20 25
34 6 26
34 6 26 27
34 6 26 36 38 11 18 28
34 6 26 36 38 11 18 29
34 6 3 22 43 30
34 6 8 22 43 30
34 6 8 33 43 30
34 6 26 22 43 30
34 6 26 27 7 30
34 6 26 27 43 30
34 6 26 36 7 30
34 23 3 22 43 30
34 6 26 36 31
34 6 8 33 20 15 32
34 6 8 33
34 6 3 22 43 30 35
34 6 8 22 43 30 35
34 6 8 33 43 30 35
34 6 26 22 43 30 35
34 6 26 27 7 30 35
34 6 26 27 7 40 35
34 6 26 27 43 30 35
34 6 26 36 7 30 35
34 6 26 36 7 40 35
34 23 3 22 43 30 35
34 6 26 36
34 6 26 27 7 37
34 6 26 36 7 37
34 6 26 36 38
34 6 8 33 20 15 32 39
34 6 26 27 7 40
34 6 26 36 7 40
34 6 3 22 43 30 5 41
34 6 3 22 43 30 35 41
34 6 8 22 43 30 5 41
34 6 8 22 43 30 35 41
34 6 8 33 43 30 5 41
34 6 8 33 43 30 35 41
34 6 26 22 43 30 5 41
34 6 26 22 43 30 35 41
34 6 26 27 7 30 5 41
34 6 26 27 7 30 35 41
34 6 26 27 7 40 9 41
34 6 26 27 7 40 35 41
34 6 26 27 43 30 5 41
34 6 26 27 43 30 35 41
34 6 26 36 7 30 5 41
34 6 26 36 7 30 35 41
34 6 26 36 7 40 9 41
34 6 26 36 7 40 35 41
34 23 3 22 43 30 5 41
34 23 3 22 43 30 35 41
34 6 26 27 7 42
34 6 26 36 7 42
34 6 3 22 43
34 6 8 22 43
34 6 8 33 43
34 6 26 22 43
34 6 26 27 43
34 23 3 22 43
35 5 17 1
35 9 12 4 2
35 30 43 22 3
35 9 12 4
35 5
35 30 7 27 26 6
35 30 7 36 26 6
35 30 43 22 3 6
35 30 43 22 8 6
35 30 43 22 26 6
35 30 43 27 26 6
35 30 43 33 8 6
35 40 7 27 26 6
35 40 7 36 26 6
35 30 7
35 40 7
35 30 43 22 8
35 30 43 33 8
35 9
35 30 16 10
35 9 12 11
35 9 12
35 5 13
35 41 13
35 5 17 1 20 14
35 30 16 10 20 14
35 30 43 33 20 14
35 5 13 32 15
35 41 13 32 15
35 41 39 32 15
35 30 16
35 5 17
35 9 12 18
35 41 28 18
35 30 43 22 3 23 19
35 30 43 22 3 24 19
35 5 17 1 20
35 30 16 10 20
35 30 43 33 20
35 30 16 21
35 30 43 21
35 30 43 22
35 30 43 22 3 23
35 30 43 22 3 24
35 5 13 32 15 25
35 5 17 1 20 25
35 30 16 10 20 25
35 30 43 33 20 25
35 41 13 32 15 25
35 41 39 32 15 25
35 30 7 27 26
35 30 7 36 26
35 30 43 22 26
35 30 43 27 26
35 40 7 27 26
35 40 7 36 26
35 30 7 27
35 30 43 27
35 40 7 27
35 41 28
35 41 28 29
35 41 39 29
35 30
35 30 7 36 31
35 40 7 36 31
35 5 13 32
35 41 13 32
35 41 39 32
35 30 43 33
35 30 7 27 26 6 34
35 30 7 36 26 6 34
35 30 43 22 3 6 34
35 30 43 22 3 23 34
35 30 43 22 8 6 34
35 30 43 22 26 6 34
35 30 43 27 26 6 34
35 30 43 33 8 6 34
35 40 7 27 26 6 34
35 40 7 36 26 6 34
35 30 7 36
35 40 7 36
35 30 7 37
35 40 7 37
35 40 42 37
35 9 12 4 38
35 9 12 11 38
35 30 7 36 38
35 40 7 36 38
35 41 39
35 40
35 41
35 40 42
35 30 43
36 7 30 5 17 1
36 7 30 16 10 1
36 7 30 16 17 1
36 26 22 33 10 1
36 26 22 33 20 1
36 31 2
36 38 2
36 26 3
36 38 4
36 7 30 5
36 26 6
36 7
36 26 6 8
36 26 22 8
36 7 40 9
36 7 30 16 10
36 26 22 33 10
36 38 11
36 7 42 12
36 38 4 12
36 38 11 12
36 7 30 5 13
36 26 22 33 20 14
36 26 22 33 20 15
36 7 30 16
36 7 30 5 17
36 7 30 16 17
36 38 11 18
36 26 3 23 19
36 26 3 24 19
36 26 6 23 19
36 26 6 34 19
36 26 22 33 20
36 7 27 43 21
36 7 30 16 21
36 7 30 43 21
36 26 22 33 21
36 26 22 43 21
36 26 27 43 21
36 26 22
36 26 3 23
36 26 6 23
36 26 3 24
36 26 22 33 20 25
36 26
36 7 27
36 26 27
36 38 11 18 28
36 38 11 18 29
36 7 30
36 31
36 7 30 5 13 32
36 26 22 33
36 26 6 34
36 7 30 35
36 7 40 35
36 7 37
36 38
36 7 30 5 13 39
36 7 30 5 41 39
36 7 30 35 41 39
36 7 40 9 41 39
36 7 40 35 41 39
36 38 11 18 29 39
36 7 40
36 7 30 5 41
36 7 30 35 41
36 7 40 9 41
36 7 40 35 41
36 7 42
36 7 27 43
36 7 30 43
36 26 22 43
36 26 27 43
37 7 30 5 17 1
37 7 30 16 10 1
37 7 30 16 17 1
37 4 2
37 7 27 22 3
37 7 27 26 3
37 7 36 26 3
37 4
37 7 30 5
37 7 27 26 6
37 7 36 26 6
37 7
37 7 27 22 8
37 4 12 9
37 7 40 9
37 42 12 9
37 42 40 9
37 7 30 16 10
37 4 11
37 4 12
37 42 12
37 7 30 5 13
37 7 27 22 33 20 14
37 7 27 43 33 20 14
37 7 30 16 10 20 14
37 7 30 43 33 20 14
37 7 27 22 33 20 15
37 7 27 43 33 20 15
37 7 30 5 13 32 15
37 7 30 16 10 20 15
37 7 30 43 33 20 15
37 7 30 16
37 7 30 5 17
37 7 30 16 17
37 4 11 18
37 4 12 18
37 42 12 18
37 7 27 22 3 23 19
37 7 27 22 3 24 19
37 7 27 26 3 23 19
37 7 27 26 3 24 19
37 7 27 26 6 23 19
37 7 27 26 6 34 19
37 7 36 26 3 23 19
37 7 36 26 3 24 19
37 7 36 26 6 23 19
37 7 36 26 6 34 19
37 7 27 22 33 20
37 7 27 43 33 20
37 7 30 16 10 20
37 7 30 43 33 20
37 7 27 43 21
37 7 30 16 21
37 7 30 43 21
37 7 27 22
37 7 27 22 3 23
37 7 27 26 3 23
37 7 27 26 6 23
37 7 36 26 3 23
37 7 36 26 6 23
37 7 27 22 3 24
37 7 27 26 3 24
37 7 36 26 3 24
37 7 27 22 33 20 25
37 7 27 43 33 20 25
37 7 30 16 10 20 25
37 7 30 43 33 20 25
37 7 27 26
37 7 36 26
37 7 27
37 4 11 18 28
37 4 12 18 28
37 42 12 18 28
37 4 11 18 29
37 4 12 18 29
37 42 12 18 29
37 7 30
37 4 2 31
37 7 36 31
37 7 30 5 13 32
37 7 27 22 33
37 7 27 43 33
37 7 30 43 33
37 7 27 26 6 34
37 7 36 26 6 34
37 7 30 35
37 7 40 35
37 42 40 35
37 7 36
37 4 38
37 4 11 18 29 39
37 4 12 9 41 39
37 4 12 18 29 39
37 7 30 5 13 39
37 7 30 5 41 39
37 7 30 35 41 39
37 7 40 9 41 39
37 7 40 35 41 39
37 42 12 9 41 39
37 42 12 18 29 39
37 42 40 9 41 39
37 42 40 35 41 39
37 7 40
37 42 40
37 4 12 9 41
37 7 30 5 41
37 7 30 35 41
37 7 40 9 41
37 7 40 35 41
37 42 12 9 41
37 42 40 9 41
37 42 40 35 41
37 42
37 7 27 43
37 7 30 43
38 36 7 30 5 17 1
38 36 7 30 16 10 1
38 36 7 30 16 17 1
38 36 26 22 33 10 1
38 36 26 22 33 20 1
38 2
38 36 26 3
38 4
38 36 7 30 5
38 36 26 6
38 36 7
38 36 26 6 8
38 36 26 22 8
38 4 12 9
38 11 12 9
38 36 7 30 16 10
38 36 26 22 33 10
38 11
38 4 12
38 11 12
38 4 12 9 41 13
38 11 12 9 41 13
38 11 18 28 41 13
38 11 18 29 39 13
38 36 7 30 5 13
38 36 26 22 33 20 14
38 11 18 29 39 32 15
38 36 26 22 33 20 15
38 36 7 30 16
38 36 7 30 5 17
38 36 7 30 16 17
38 11 18
38 36 26 3 23 19
38 36 26 3 24 19
38 36 26 6 23 19
38 36 26 6 34 19
38 36 26 22 33 20
38 36 7 27 43 21
38 36 7 30 16 21
38 36 7 30 43 21
38 36 26 22 33 21
38 36 26 22 43 21
38 36 26 27 43 21
38 36 26 22
38 36 26 3 23
38 36 26 6 23
38 36 26 3 24
38 36 26 22 33 20 25
38 36 26
38 36 7 27
38 36 26 27
38 11 18 28
38 11 18 29
38 36 7 30
38 2 31
38 36 31
38 11 18 29 39 32
38 36 26 22 33
38 36 26 6 34
38 4 12 9 35
38 11 12 9 35
38 36 7 30 35
38 36 7 40 35
38 36
38 4 37
38 11 18 29 39
38 36 7 40
38 4 12 9 41
38 11 12 9 41
38 11 18 28 41
38 4 12 42
38 4 37 42
38 11 12 42
38 36 7 42
38 36 7 27 43
38 36 7 30 43
38 36 26 22 43
38 36 26 27 43
39 13 17 1
39 29 18 11 4 2
39 29 18 11 38 2
39 29 18 12 4 2
39 41 9 12 4 2
39 13 5 30 43 22 3
39 32 15 20 33 22 3
39 41 5 30 43 22 3
39 41 35 30 43 22 3
39 29 18 11 4
39 29 18 12 4
39 41 9 12 4
39 13 5
39 41 5
39 32 15 20 33 8 6
39 13 5 30 7
39 41 5 30 7
39 41 9 40 7
39 41 35 30 7
39 41 35 40 7
39 32 15 20 33 8
39 41 9
39 13 17 1 10
39 13 17 16 10
39 32 15 20 10
39 29 18 11
39 29 18 12
39 41 9 12
39 13
39 32 15 20 14
39 32 15 25 14
39 32 15
39 13 17 16
39 13 17
39 29 18
39 13 5 30 43 22 3 23 19
39 13 5 30 43 22 3 24 19
39 32 15 20 33 8 6 23 19
39 32 15 20 33 8 6 34 19
39 32 15 20 33 22 3 23 19
39 32 15 20 33 22 3 24 19
39 41 5 30 43 22 3 23 19
39 41 5 30 43 22 3 24 19
39 41 35 30 43 22 3 23 19
39 41 35 30 43 22 3 24 19
39 32 15 20
39 13 17 16 21
39 13 5 30 43 22
39 32 15 20 33 22
39 41 5 30 43 22
39 41 35 30 43 22
39 13 5 30 43 22 3 23
39 32 15 20 33 8 6 23
39 32 15 20 33 22 3 23
39 41 5 30 43 22 3 23
39 41 35 30 43 22 3 23
39 13 5 30 43 22 3 24
39 32 15 20 33 22 3 24
39 41 5 30 43 22 3 24
39 41 35 30 43 22 3 24
39 32 15 25
39 13 5 30 7 27 26
39 13 5 30 7 36 26
39 13 5 30 43 22 26
39 13 5 30 43 27 26
39 29 18 11 38 36 26
39 32 15 20 33 22 26
39 41 5 30 7 27 26
39 41 5 30 7 36 26
39 41 5 30 43 22 26
39 41 5 30 43 27 26
39 41 9 40 7 27 26
39 41 9 40 7 36 26
39 41 35 30 7 27 26
39 41 35 30 7 36 26
39 41 35 30 43 22 26
39 41 35 30 43 27 26
39 41 35 40 7 27 26
39 41 35 40 7 36 26
39 13 5 30 7 27
39 13 5 30 43 27
39 41 5 30 7 27
39 41 5 30 43 27
39 41 9 40 7 27
39 41 35 30 7 27
39 41 35 30 43 27
39 41 35 40 7 27
39 29 28
39 41 28
39 29
39 13 5 30
39 41 5 30
39 41 35 30
39 13 5 30 7 36 31
39 29 18 11 4 2 31
39 29 18 11 38 2 31
39 29 18 11 38 36 31
39 29 18 12 4 2 31
39 41 5 30 7 36 31
39 41 9 12 4 2 31
39 41 9 40 7 36 31
39 41 35 30 7 36 31
39 41 35 40 7 36 31
39 32
39 32 15 20 33
39 32 15 20 33 8 6 34
39 41 35
39 13 5 30 7 36
39 29 18 11 38 36
39 41 5 30 7 36
39 41 9 40 7 36
39 41 35 30 7 36
39 41 35 40 7 36
39 13 5 30 7 37
39 29 18 11 4 37
39 29 18 12 4 37
39 29 18 12 42 37
39 41 5 30 7 37
39 41 9 12 4 37
39 41 9 12 42 37
39 41 9 40 7 37
39 41 9 40 42 37
39 41 35 30 7 37
39 41 35 40 7 37
39 41 35 40 42 37
39 29 18 11 38
39 41 9 40
39 41 35 40
39 41
39 29 18 12 42
39 41 9 12 42
39 41 9 40 42
39 41 35 40 42
39 13 5 30 43
39 41 5 30 43
39 41 35 30 43
40 30 5 17 1
40 30 16 10 1
40 30 16 17 1
40 35 5 17 1
40 7 36 31 2
40 7 36 38 2
40 7 37 4 2
40 9 12 4 2
40 42 12 4 2
40 42 37 4 2
40 7 27 22 3
40 7 27 26 3
40 7 36 26 3
40 30 43 22 3
40 7 37 4
40 9 12 4
40 42 12 4
40 42 37 4
40 30 5
40 35 5
40 7 27 26 6
40 7 36 26 6
40 7
40 7 27 22 8
40 30 43 22 8
40 30 43 33 8
40 9
40 30 16 10
40 9 12 11
40 42 12 11
40 9 12
40 42 12
40 9 41 13
40 30 5 13
40 35 5 13
40 35 41 13
40 30 16 10 20 14
40 30 43 33 20 14
40 9 41 13 32 15
40 9 41 39 32 15
40 30 5 13 32 15
40 30 16 10 20 15
40 30 43 33 20 15
40 35 5 13 32 15
40 35 41 13 32 15
40 35 41 39 32 15
40 30 16
40 30 5 17
40 30 16 17
40 35 5 17
40 9 12 18
40 42 12 18
40 7 27 22 3 23 19
40 7 27 22 3 24 19
40 7 27 26 3 23 19
40 7 27 26 3 24 19
40 7 27 26 6 23 19
40 7 27 26 6 34 19
40 7 36 26 3 23 19
40 7 36 26 3 24 19
40 7 36 26 6 23 19
40 7 36 26 6 34 19
40 30 43 22 3 23 19
40 30 43 22 3 24 19
40 30 16 10 20
40 30 43 33 20
40 30 16 21
40 30 43 21
40 7 27 22
40 30 43 22
40 7 27 22 3 23
40 7 27 26 3 23
40 7 27 26 6 23
40 7 36 26 3 23
40 7 36 26 6 23
40 30 43 22 3 23
40 7 27 22 3 24
40 7 27 26 3 24
40 7 36 26 3 24
40 30 43 22 3 24
40 30 16 10 20 25
40 30 43 33 20 25
40 7 27 26
40 7 36 26
40 7 27
40 9 41 28
40 35 41 28
40 9 12 18 29
40 9 41 28 29
40 9 41 39 29
40 35 41 28 29
40 35 41 39 29
40 42 12 18 29
40 30
40 7 36 31
40 9 41 13 32
40 9 41 39 32
40 30 5 13 32
40 35 5 13 32
40 35 41 13 32
40 35 41 39 32
40 30 43 33
40 7 27 26 6 34
40 7 36 26 6 34
40 35
40 7 36
40 7 37
40 42 37
40 7 36 38
40 9 41 39
40 35 41 39
40 9 41
40 35 41
40 42
40 30 43
41 5 17 1
41 13 17 1
41 9 12 4 2
41 5 30 43 22 3
41 35 30 43 22 3
41 9 12 4
41 5
41 5 30 7 27 26 6
41 5 30 7 36 26 6
41 5 30 43 22 3 6
41 5 30 43 22 8 6
41 5 30 43 22 26 6
41 5 30 43 27 26 6
41 5 30 43 33 8 6
41 9 40 7 27 26 6
41 9 40 7 36 26 6
41 35 30 7 27 26 6
41 35 30 7 36 26 6
41 35 30 43 22 3 6
41 35 30 43 22 8 6
41 35 30 43 22 26 6
41 35 30 43 27 26 6
41 35 30 43 33 8 6
41 35 40 7 27 26 6
41 35 40 7 36 26 6
41 5 30 7
41 9 40 7
41 35 30 7
41 35 40 7
41 5 30 43 22 8
41 5 30 43 33 8
41 35 30 43 22 8
41 35 30 43 33 8
41 9
41 5 17 1 10
41 5 17 16 10
41 5 30 16 10
41 13 17 1 10
41 13 17 16 10
41 35 30 16 10
41 9 12 11
41 28 18 11
41 9 12
41 13
41 5 17 1 20 14
41 13 17 1 20 14
41 13 32 15 20 14
41 13 32 15 25 14
41 39 32 15 20 14
41 39 32 15 25 14
41 13 32 15
41 39 32 15
41 5 17 16
41 5 30 16
41 13 17 16
41 35 30 16
41 5 17
41 13 17
41 28 18
41 5 30 43 22 3 23 19
41 5 30 43 22 3 24 19
41 35 30 43 22 3 23 19
41 35 30 43 22 3 24 19
41 5 17 1 20
41 13 17 1 20
41 13 32 15 20
41 39 32 15 20
41 5 17 16 21
41 5 30 16 21
41 5 30 43 21
41 13 17 16 21
41 35 30 16 21
41 35 30 43 21
41 5 30 43 22
41 35 30 43 22
41 5 30 43 22 3 23
41 35 30 43 22 3 23
41 5 30 43 22 3 24
41 35 30 43 22 3 24
41 13 32 15 25
41 39 32 15 25
41 5 30 7 27 26
41 5 30 7 36 26
41 5 30 43 22 26
41 5 30 43 27 26
41 9 40 7 27 26
41 9 40 7 36 26
41 35 30 7 27 26
41 35 30 7 36 26
41 35 30 43 22 26
41 35 30 43 27 26
41 35 40 7 27 26
41 35 40 7 36 26
41 5 30 7 27
41 5 30 43 27
41 9 40 7 27
41 35 30 7 27
41 35 30 43 27
41 35 40 7 27
41 28
41 28 29
41 39 29
41 5 30
41 35 30
41 5 30 7 36 31
41 9 12 4 2 31
41 9 40 7 36 31
41 35 30 7 36 31
41 35 40 7 36 31
41 13 32
41 39 32
41 5 30 43 33
41 35 30 43 33
41 5 30 7 27 26 6 34
41 5 30 7 36 26 6 34
41 5 30 43 22 3 6 34
41 5 30 43 22 3 23 34
41 5 30 43 22 8 6 34
41 5 30 43 22 26 6 34
41 5 30 43 27 26 6 34
41 5 30 43 33 8 6 34
41 9 40 7 27 26 6 34
41 9 40 7 36 26 6 34
41 35 30 7 27 26 6 34
41 35 30 7 36 26 6 34
41 35 30 43 22 3 6 34
41 35 30 43 22 3 23 34
41 35 30 43 22 8 6 34
41 35 30 43 22 26 6 34
41 35 30 43 27 26 6 34
41 35 30 43 33 8 6 34
41 35 40 7 27 26 6 34
41 35 40 7 36 26 6 34
41 35
41 5 30 7 36
41 9 40 7 36
41 35 30 7 36
41 35 40 7 36
41 5 30 7 37
41 9 12 4 37
41 9 12 42 37
41 9 40 7 37
41 9 40 42 37
41 35 30 7 37
41 35 40 7 37
41 35 40 42 37
41 9 12 4 38
41 9 12 11 38
41 28 18 11 38
41 39
41 9 40
41 35 40
41 9 12 42
41 9 40 42
41 35 40 42
41 5 30 43
41 35 30 43
42 7 30 5 17 1
42 7 30 16 10 1
42 7 30 16 17 1
42 40 30 5 17 1
42 40 30 16 10 1
42 40 30 16 17 1
42 40 35 5 17 1
42 12 4 2
42 37 4 2
42 7 27 22 3
42 7 27 26 3
42 7 36 26 3
42 12 4
42 37 4
42 7 30 5
42 40 30 5
42 40 35 5
42 7 27 26 6
42 7 36 26 6
42 7
42 7 27 22 8
42 12 9
42 40 9
42 7 30 16 10
42 40 30 16 10
42 12 11
42 12
42 7 30 5 13
42 12 9 41 13
42 40 9 41 13
42 40 30 5 13
42 40 35 5 13
42 40 35 41 13
42 7 27 22 33 20 14
42 7 27 43 33 20 14
42 7 30 16 10 20 14
42 7 30 43 33 20 14
42 40 30 16 10 20 14
42 40 30 43 33 20 14
42 7 27 22 33 20 15
42 7 27 43 33 20 15
42 7 30 5 13 32 15
42 7 30 16 10 20 15
42 7 30 43 33 20 15
42 12 9 41 13 32 15
42 12 9 41 39 32 15
42 12 18 29 39 32 15
42 40 9 41 13 32 15
42 40 9 41 39 32 15
42 40 30 5 13 32 15
42 40 30 16 10 20 15
42 40 30 43 33 20 15
42 40 35 5 13 32 15
42 40 35 41 13 32 15
42 40 35 41 39 32 15
42 7 30 16
42 40 30 16
42 7 30 5 17
42 7 30 16 17
42 40 30 5 17
42 40 30 16 17
42 40 35 5 17
42 12 18
42 7 27 22 3 23 19
42 7 27 22 3 24 19
42 7 27 26 3 23 19
42 7 27 26 3 24 19
42 7 27 26 6 23 19
42 7 27 26 6 34 19
42 7 36 26 3 23 19
42 7 36 26 3 24 19
42 7 36 26 6 23 19
42 7 36 26 6 34 19
42 7 27 22 33 20
42 7 27 43 33 20
42 7 30 16 10 20
42 7 30 43 33 20
42 40 30 16 10 20
42 40 30 43 33 20
42 7 27 43 21
42 7 30 16 21
42 7 30 43 21
42 40 30 16 21
42 40 30 43 21
42 7 27 22
42 7 27 22 3 23
42 7 27 26 3 23
42 7 27 26 6 23
42 7 36 26 3 23
42 7 36 26 6 23
42 7 27 22 3 24
42 7 27 26 3 24
42 7 36 26 3 24
42 7 27 22 33 20 25
42 7 27 43 33 20 25
42 7 30 16 10 20 25
42 7 30 43 33 20 25
42 40 30 16 10 20 25
42 40 30 43 33 20 25
42 7 27 26
42 7 36 26
42 7 27
42 12 18 28
42 12 18 29
42 7 30
42 40 30
42 7 36 31
42 7 30 5 13 32
42 12 9 41 13 32
42 12 9 41 39 32
42 12 18 29 39 32
42 40 9 41 13 32
42 40 9 41 39 32
42 40 30 5 13 32
42 40 35 5 13 32
42 40 35 41 13 32
42 40 35 41 39 32
42 7 27 22 33
42 7 27 43 33
42 7 30 43 33
42 40 30 43 33
42 7 27 26 6 34
42 7 36 26 6 34
42 40 35
42 7 36
42 37
42 7 36 38
42 12 4 38
42 12 11 38
42 37 4 38
42 12 9 41 39
42 12 18 29 39
42 40 9 41 39
42 40 35 41 39
42 40
42 12 9 41
42 40 9 41
42 40 35 41
42 7 27 43
42 7 30 43
42 40 30 43
43 21 10 1
43 33 10 1
43 33 20 1
43 22 26 36 31 2
43 22 26 36 38 2
43 27 7 36 31 2
43 27 7 36 38 2
43 27 7 37 4 2
43 27 26 36 31 2
43 27 26 36 38 2
43 30 7 36 31 2
43 30 7 36 38 2
43 30 7 37 4 2
43 22 3
43 27 7 37 4
43 30 7 37 4
43 30 5
43 22 3 6
43 22 8 6
43 22 26 6
43 27 26 6
43 33 8 6
43 27 7
43 30 7
43 22 8
43 33 8
43 30 35 9
43 30 40 9
43 21 10
43 33 10
43 22 26 36 38 11
43 27 7 36 38 11
43 27 7 37 4 11
43 27 7 42 12 11
43 27 26 36 38 11
43 30 7 36 38 11
43 30 7 37 4 11
43 30 7 42 12 11
43 30 35 9 12 11
43 30 40 9 12 11
43 30 40 42 12 11
43 27 7 42 12
43 30 7 42 12
43 30 35 9 12
43 30 40 9 12
43 30 40 42 12
43 30 5 13
43 33 20 14
43 33 20 15
43 21 16
43 30 16
43 21 16 17
43 30 5 17
43 30 16 17
43 27 7 42 12 18
43 30 5 41 28 18
43 30 7 42 12 18
43 30 35 9 12 18
43 30 35 41 28 18
43 30 40 9 12 18
43 30 40 42 12 18
43 22 3 23 19
43 22 3 24 19
43 33 20
43 21
43 22
43 22 3 23
43 22 3 24
43 33 20 25
43 22 26
43 27 26
43 27
43 30 5 41 28
43 30 35 41 28
43 30 5 13 39 29
43 30 5 41 28 29
43 30 5 41 39 29
43 30 35 41 28 29
43 30 35 41 39 29
43 30
43 22 26 36 31
43 27 7 36 31
43 27 26 36 31
43 30 7 36 31
43 30 5 13 32
43 33 20 15 32
43 33
43 22 3 6 34
43 22 3 23 34
43 22 8 6 34
43 22 26 6 34
43 27 26 6 34
43 33 8 6 34
43 30 35
43 22 26 36
43 27 7 36
43 27 26 36
43 30 7 36
43 27 7 37
43 30 7 37
43 22 26 36 38
43 27 7 36 38
43 27 26 36 38
43 30 7 36 38
43 30 5 13 39
43 30 5 41 39
43 30 35 41 39
43 30 40
43 30 5 41
43 30 35 41
43 27 7 42
43 30 7 42
43 30 40 42