1 2
1 2 3
1 8 3
1 2 3 4
1 2 5 4
1 6 5 4
1 6 11 4
1 7 11 4
1 8 3 4
1 8 9 4
1 2 5
1 6 5
1 6
1 7
1 8
1 8 9
1 7 10
1 8 10
1 6 11
1 7 11
2 1
2 3
2 3 4
2 5 4
2 5
2 1 6
2 5 6
2 7 6
2 7
2 8
2 3 9
2 5 9
2 8 9
2 7 10
2 8 10
2 5 11
2 7 11
3 2 1
3 8 1
3 2
3 4
3 2 5
3 4 5
3 9 5
3 2 1 6
3 2 5 6
3 2 7 6
3 4 5 6
3 4 11 6
3 8 1 6
3 9 5 6
3 2 7
3 8
3 9
3 8 10
3 9 10
3 4 11
4 3 2 1
4 3 8 1
4 5 2 1
4 5 6 1
4 9 8 1
4 11 6 1
4 11 7 1
4 3 2
4 5 2
4 3
4 5
4 5 6
4 11 6
4 11 7
4 3 8
4 9 8
4 9
4 9 10
4 11 10
4 11
5 2 1
5 6 1
5 2
5 2 3
5 4 3
5 9 3
5 4
5 6
5 2 7
5 6 7
5 11 7
5 2 8
5 9 8
5 9
5 9 10
5 11 10
5 11
6 1
6 1 2
6 5 2
6 7 2
6 1 2 3
6 1 8 3
6 5 2 3
6 5 4 3
6 5 9 3
6 7 2 3
6 11 4 3
6 5 4
6 11 4
6 5
6 7
6 1 8
6 5 9
6 7 10
6 11 10
6 11
7 1
7 2
7 2 3
7 11 4
7 2 5
7 6 5
7 11 5
7 6
7 1 8
7 2 8
7 10 8
7 10 9
7 10
7 11
8 1
8 2
8 3
8 3 4
8 9 4
8 2 5
8 9 5
8 1 6
8 1 7
8 2 7
8 10 7
8 9
8 10
8 10 11
9 8 1
9 3 2
9 5 2
9 8 2
9 3
9 4
9 5
9 5 6
9 10 7
9 8
9 10
9 4 11
9 5 11
9 10 11
10 7 1
10 8 1
10 7 2
10 8 2
10 8 3
10 9 3
10 9 4
10 11 4
10 9 5
10 11 5
10 7 6
10 11 6
10 7
10 8
10 9
10 11
11 6 1
11 7 1
11 5 2
11 7 2
11 4 3
11 4
11 5
11 6
11 7
11 10 8
11 4 9
11 5 9
11 10 9
11 10