1 2
1 5 3
1 2 4
1 5 4
1 5
1 5 6
1 5 7
1 5 6 8
1 5 7 8
1 2 4 9
1 5 4 9
1 5 15 9
1 2 4 10
1 5 4 10
1 5 6 10
1 2 4 9 11
1 5 4 9 11
1 5 15 9 11
1 5 7 12
1 5 15 12
1 5 7 13
1 5 14 13
1 5 14
1 5 15
1 5 15 16
1 2 4 9 17
1 5 4 9 17
1 5 15 9 17
1 5 15 16 17
1 5 14 18
1 5 15 18
1 2 4 9 11 19
1 2 4 9 17 19
1 5 4 9 11 19
1 5 4 9 17 19
1 5 15 9 11 19
1 5 15 9 17 19
1 5 15 16 17 19
1 5 15 20
2 1
2 4 3
2 4
2 1 5
2 4 5
2 4 6
2 1 5 7
2 4 5 7
2 4 6 7
2 4 6 8
2 4 9
2 4 10
2 4 9 11
2 4 9 12
2 4 10 12
2 1 5 7 13
2 1 5 14 13
2 4 5 7 13
2 4 5 14 13
2 4 6 7 13
2 1 5 14
2 4 5 14
2 1 5 15
2 4 5 15
2 4 9 15
2 1 5 15 16
2 4 5 15 16
2 4 9 12 16
2 4 9 15 16
2 4 9 17 16
2 4 10 12 16
2 4 9 17
2 1 5 14 18
2 1 5 15 18
2 4 5 14 18
2 4 5 15 18
2 4 9 15 18
2 4 9 11 19
2 4 9 17 19
2 1 5 15 20
2 4 5 15 20
2 4 9 15 20
3 5 1
3 4 2
3 4
3 5
3 4 6
3 5 6
3 5 7
3 4 6 8
3 5 6 8
3 5 7 8
3 4 9
3 4 10
3 4 9 11
3 4 9 12
3 4 10 12
3 5 7 12
3 5 15 12
3 5 7 13
3 5 14 13
3 5 14
3 5 15
3 5 15 16
3 4 9 17
3 5 14 18
3 5 15 18
3 4 9 11 19
3 4 9 17 19
3 5 15 20
4 2 1
4 5 1
4 2
4 3
4 5
4 6
4 5 7
4 6 7
4 6 8
4 9
4 10
4 9 11
4 9 12
4 10 12
4 5 7 13
4 5 14 13
4 6 7 13
4 5 14
4 5 15
4 9 15
4 5 15 16
4 9 12 16
4 9 15 16
4 9 17 16
4 10 12 16
4 9 17
4 5 14 18
4 5 15 18
4 9 15 18
4 9 11 19
4 9 17 19
4 5 15 20
4 9 15 20
5 1
5 1 2
5 4 2
5 3
5 4
5 6
5 7
5 6 8
5 7 8
5 4 9
5 15 9
5 4 10
5 6 10
5 4 9 11
5 15 9 11
5 7 12
5 15 12
5 7 13
5 14 13
5 14
5 15
5 15 16
5 4 9 17
5 15 9 17
5 15 16 17
5 14 18
5 15 18
5 4 9 11 19
5 4 9 17 19
5 15 9 11 19
5 15 9 17 19
5 15 16 17 19
5 15 20
6 5 1
6 4 2
6 4 3
6 5 3
6 4
6 5
6 7
6 8
6 4 9
6 10 9
6 10
6 4 9 11
6 10 9 11
6 7 12
6 10 12
6 7 13
6 5 14
6 5 15
6 7 15
6 5 15 16
6 7 12 16
6 7 15 16
6 10 12 16
6 4 9 17
6 10 9 17
6 5 14 18
6 5 15 18
6 7 13 18
6 7 15 18
6 4 9 11 19
6 4 9 17 19
6 10 9 11 19
6 10 9 17 19
6 5 15 20
6 7 15 20
7 5 1
7 5 1 2
7 5 4 2
7 6 4 2
7 5 3
7 5 4
7 6 4
7 5
7 6
7 8
7 12 9
7 15 9
7 6 10
7 12 10
7 12 9 11
7 15 9 11
7 12
7 13
7 5 14
7 13 14
7 15
7 12 16
7 15 16
7 12 9 17
7 12 16 17
7 15 9 17
7 15 16 17
7 13 18
7 15 18
7 12 9 11 19
7 12 9 17 19
7 12 16 17 19
7 15 9 11 19
7 15 9 17 19
7 15 16 17 19
7 15 20
8 6 5 1
8 7 5 1
8 6 4 2
8 6 4 3
8 6 5 3
8 7 5 3
8 6 4
8 6 5
8 7 5
8 6
8 7
8 6 4 9
8 6 10 9
8 7 12 9
8 7 15 9
8 6 10
8 6 4 9 11
8 6 10 9 11
8 7 12 9 11
8 7 15 9 11
8 7 12
8 7 13
8 6 5 14
8 7 5 14
8 7 13 14
8 7 15
8 7 12 16
8 7 15 16
8 6 4 9 17
8 6 10 9 17
8 7 12 9 17
8 7 12 16 17
8 7 15 9 17
8 7 15 16 17
8 7 13 18
8 7 15 18
8 6 4 9 11 19
8 6 4 9 17 19
8 6 10 9 11 19
8 6 10 9 17 19
8 7 12 9 11 19
8 7 12 9 17 19
8 7 12 16 17 19
8 7 15 9 11 19
8 7 15 9 17 19
8 7 15 16 17 19
8 7 15 20
9 4 2 1
9 4 5 1
9 15 5 1
9 4 2
9 4 3
9 4
9 4 5
9 15 5
9 4 6
9 10 6
9 12 7
9 15 7
9 4 6 8
9 10 6 8
9 12 7 8
9 15 7 8
9 10
9 11
9 12
9 12 7 13
9 15 7 13
9 15 18 13
9 4 5 14
9 15 5 14
9 15 18 14
9 15
9 12 16
9 15 16
9 17 16
9 17
9 15 18
9 11 19
9 17 19
9 15 20
10 4 2 1
10 4 5 1
10 6 5 1
10 4 2
10 4 3
10 4
10 4 5
10 6 5
10 6
10 6 7
10 12 7
10 6 8
10 9
10 9 11
10 12
10 6 7 13
10 12 7 13
10 4 5 14
10 6 5 14
10 9 15
10 12 15
10 12 16
10 9 17
10 9 15 18
10 12 15 18
10 9 11 19
10 9 17 19
10 9 15 20
10 12 15 20
11 9 4 2 1
11 9 4 5 1
11 9 15 5 1
11 9 4 2
11 9 4 3
11 9 4
11 9 4 5
11 9 15 5
11 9 4 6
11 9 10 6
11 9 12 7
11 9 15 7
11 9 4 6 8
11 9 10 6 8
11 9 12 7 8
11 9 15 7 8
11 9
11 9 10
11 9 12
11 9 12 7 13
11 9 15 7 13
11 9 15 18 13
11 9 4 5 14
11 9 15 5 14
11 9 15 18 14
11 9 15
11 17 16
11 17
11 9 15 18
11 19
11 9 15 20
12 7 5 1
12 15 5 1
12 9 4 2
12 10 4 2
12 7 5 3
12 9 4 3
12 10 4 3
12 15 5 3
12 9 4
12 10 4
12 7 5
12 15 5
12 7 6
12 10 6
12 7
12 7 8
12 9
12 10
12 9 11
12 7 13
12 7 5 14
12 7 13 14
12 15 5 14
12 15 18 14
12 15
12 16
12 9 17
12 16 17
12 15 18
12 9 11 19
12 9 17 19
12 16 17 19
12 15 20
13 7 5 1
13 14 5 1
13 7 5 1 2
13 7 5 4 2
13 7 6 4 2
13 14 5 1 2
13 14 5 4 2
13 7 5 3
13 14 5 3
13 7 5 4
13 7 6 4
13 14 5 4
13 7 5
13 14 5
13 7 6
13 7
13 7 8
13 7 12 9
13 7 15 9
13 18 15 9
13 7 6 10
13 7 12 10
13 7 12 9 11
13 7 15 9 11
13 18 15 9 11
13 7 12
13 14
13 7 15
13 18 15
13 7 12 16
13 7 15 16
13 18 15 16
13 7 12 9 17
13 7 12 16 17
13 7 15 9 17
13 7 15 16 17
13 18 15 9 17
13 18 15 16 17
13 18
13 7 12 9 11 19
13 7 12 9 17 19
13 7 12 16 17 19
13 7 15 9 11 19
13 7 15 9 17 19
13 7 15 16 17 19
13 18 15 9 11 19
13 18 15 9 17 19
13 18 15 16 17 19
13 18 20
14 5 1
14 5 1 2
14 5 4 2
14 5 3
14 5 4
14 5
14 5 6
14 5 7
14 13 7
14 5 6 8
14 5 7 8
14 13 7 8
14 5 4 9
14 5 15 9
14 18 15 9
14 5 4 10
14 5 6 10
14 5 4 9 11
14 5 15 9 11
14 18 15 9 11
14 5 7 12
14 5 15 12
14 13 7 12
14 18 15 12
14 13
14 5 15
14 18 15
14 5 15 16
14 18 15 16
14 5 4 9 17
14 5 15 9 17
14 5 15 16 17
14 18 15 9 17
14 18 15 16 17
14 18
14 5 4 9 11 19
14 5 4 9 17 19
14 5 15 9 11 19
14 5 15 9 17 19
14 5 15 16 17 19
14 18 15 9 11 19
14 18 15 9 17 19
14 18 15 16 17 19
14 18 20
15 5 1
15 5 1 2
15 5 4 2
15 9 4 2
15 5 3
15 5 4
15 9 4
15 5
15 5 6
15 7 6
15 7
15 7 8
15 9
15 9 10
15 12 10
15 9 11
15 12
15 7 13
15 18 13
15 5 14
15 18 14
15 16
15 9 17
15 16 17
15 18
15 9 11 19
15 9 17 19
15 16 17 19
15 20
16 15 5 1
16 12 9 4 2
16 12 10 4 2
16 15 5 1 2
16 15 5 4 2
16 15 9 4 2
16 17 9 4 2
16 15 5 3
16 12 9 4
16 12 10 4
16 15 5 4
16 15 9 4
16 17 9 4
16 15 5
16 12 7 6
16 12 10 6
16 15 5 6
16 15 7 6
16 12 7
16 15 7
16 12 7 8
16 15 7 8
16 12 9
16 15 9
16 17 9
16 12 10
16 17 11
16 12
16 12 7 13
16 15 7 13
16 15 18 13
16 15 5 14
16 15 18 14
16 15
16 17
16 15 18
16 17 19
16 15 20
17 9 4 2 1
17 9 4 5 1
17 9 15 5 1
17 16 15 5 1
17 9 4 2
17 9 4 3
17 9 4
17 9 4 5
17 9 15 5
17 16 15 5
17 9 4 6
17 9 10 6
17 9 12 7
17 9 15 7
17 16 12 7
17 16 15 7
17 9 4 6 8
17 9 10 6 8
17 9 12 7 8
17 9 15 7 8
17 16 12 7 8
17 16 15 7 8
17 9
17 9 10
17 11
17 9 12
17 16 12
17 9 12 7 13
17 9 15 7 13
17 9 15 18 13
17 16 12 7 13
17 16 15 7 13
17 16 15 18 13
17 9 4 5 14
17 9 15 5 14
17 9 15 18 14
17 16 15 5 14
17 16 15 18 14
17 9 15
17 16 15
17 16
17 9 15 18
17 16 15 18
17 19
17 9 15 20
17 16 15 20
18 14 5 1
18 15 5 1
18 14 5 1 2
18 14 5 4 2
18 15 5 1 2
18 15 5 4 2
18 15 9 4 2
18 14 5 3
18 15 5 3
18 14 5 4
18 15 5 4
18 15 9 4
18 14 5
18 15 5
18 13 7 6
18 14 5 6
18 15 5 6
18 15 7 6
18 13 7
18 15 7
18 13 7 8
18 15 7 8
18 15 9
18 15 9 10
18 15 12 10
18 15 9 11
18 15 12
18 13
18 14
18 15
18 15 16
18 15 9 17
18 15 16 17
18 15 9 11 19
18 15 9 17 19
18 15 16 17 19
18 20
19 11 9 4 2 1
19 11 9 4 5 1
19 11 9 15 5 1
19 17 9 4 2 1
19 17 9 4 5 1
19 17 9 15 5 1
19 17 16 15 5 1
19 11 9 4 2
19 17 9 4 2
19 11 9 4 3
19 17 9 4 3
19 11 9 4
19 17 9 4
19 11 9 4 5
19 11 9 15 5
19 17 9 4 5
19 17 9 15 5
19 17 16 15 5
19 11 9 4 6
19 11 9 10 6
19 17 9 4 6
19 17 9 10 6
19 11 9 12 7
19 11 9 15 7
19 17 9 12 7
19 17 9 15 7
19 17 16 12 7
19 17 16 15 7
19 11 9 4 6 8
19 11 9 10 6 8
19 11 9 12 7 8
19 11 9 15 7 8
19 17 9 4 6 8
19 17 9 10 6 8
19 17 9 12 7 8
19 17 9 15 7 8
19 17 16 12 7 8
19 17 16 15 7 8
19 11 9
19 17 9
19 11 9 10
19 17 9 10
19 11
19 11 9 12
19 17 9 12
19 17 16 12
19 11 9 12 7 13
19 11 9 15 7 13
19 11 9 15 18 13
19 17 9 12 7 13
19 17 9 15 7 13
19 17 9 15 18 13
19 17 16 12 7 13
19 17 16 15 7 13
19 17 16 15 18 13
19 11 9 4 5 14
19 11 9 15 5 14
19 11 9 15 18 14
19 17 9 4 5 14
19 17 9 15 5 14
19 17 9 15 18 14
19 17 16 15 5 14
19 17 16 15 18 14
19 11 9 15
19 17 9 15
19 17 16 15
19 17 16
19 17
19 11 9 15 18
19 17 9 15 18
19 17 16 15 18
19 11 9 15 20
19 17 9 15 20
19 17 16 15 20
20 15 5 1
20 15 5 1 2
20 15 5 4 2
20 15 9 4 2
20 15 5 3
20 15 5 4
20 15 9 4
20 15 5
20 15 5 6
20 15 7 6
20 15 7
20 15 7 8
20 15 9
20 15 9 10
20 15 12 10
20 15 9 11
20 15 12
20 18 13
20 18 14
20 15
20 15 16
20 15 9 17
20 15 16 17
20 18
20 15 9 11 19
20 15 9 17 19
20 15 16 17 19
