1 2
1 2 3
1 2 3 4
1 2 3 4 5
1 2 3 4 5 6
1 2 3 4 5 6 7
1 8
1 8 15
1 8 15 22
1 8 15 22 29
1 8 15 22 29 36
1 8 15 22 29 36 43
2 1
2 3
2 3 4
2 3 4 5
2 3 4 5 6
2 3 4 5 6 7
2 9
2 9 16
2 9 16 23
2 9 16 23 30
2 9 16 23 30 37
2 9 16 23 30 37 44
3 2 1
3 2
3 4
3 4 5
3 4 5 6
3 4 5 6 7
3 10
3 10 17
3 10 17 24
3 10 17 24 31
3 10 17 24 31 38
3 10 17 24 31 38 45
4 3 2 1
4 3 2
4 3
4 5
4 5 6
4 5 6 7
4 11
4 11 18
4 11 18 25
4 11 18 25 32
4 11 18 25 32 39
4 11 18 25 32 39 46
5 4 3 2 1
5 4 3 2
5 4 3
5 4
5 6
5 6 7
5 12
5 12 19
5 12 19 26
5 12 19 26 33
5 12 19 26 33 40
5 12 19 26 33 40 47
6 5 4 3 2 1
6 5 4 3 2
6 5 4 3
6 5 4
6 5
6 7
6 13
6 13 20
6 13 20 27
6 13 20 27 34
6 13 20 27 34 41
6 13 20 27 34 41 48
7 6 5 4 3 2 1
7 6 5 4 3 2
7 6 5 4 3
7 6 5 4
7 6 5
7 6
7 14
7 14 21
7 14 21 28
7 14 21 28 35
7 14 21 28 35 42
7 14 21 28 35 42 49
8 1
8 9
8 9 10
8 9 10 11
8 9 10 11 12
8 9 10 11 12 13
8 9 10 11 12 13 14
8 15
8 15 22
8 15 22 29
8 15 22 29 36
8 15 22 29 36 43
9 2
9 8
9 10
9 10 11
9 10 11 12
9 10 11 12 13
9 10 11 12 13 14
9 16
9 16 23
9 16 23 30
9 16 23 30 37
9 16 23 30 37 44
10 3
10 9 8
10 9
10 11
10 11 12
10 11 12 13
10 11 12 13 14
10 17
10 17 24
10 17 24 31
10 17 24 31 38
10 17 24 31 38 45
11 4
11 10 9 8
11 10 9
11 10
11 12
11 12 13
11 12 13 14
11 18
11 18 25
11 18 25 32
11 18 25 32 39
11 18 25 32 39 46
12 5
12 11 10 9 8
12 11 10 9
12 11 10
12 11
12 13
12 13 14
12 19
12 19 26
12 19 26 33
12 19 26 33 40
12 19 26 33 40 47
13 6
13 12 11 10 9 8
13 12 11 10 9
13 12 11 10
13 12 11
13 12
13 14
13 20
13 20 27
13 20 27 34
13 20 27 34 41
13 20 27 34 41 48
14 7
14 13 12 11 10 9 8
14 13 12 11 10 9
14 13 12 11 10
14 13 12 11
14 13 12
14 13
14 21
14 21 28
14 21 28 35
14 21 28 35 42
14 21 28 35 42 49
15 8 1
15 8
15 16
15 16 17
15 16 17 18
15 16 17 18 19
15 16 17 18 19 20
15 16 17 18 19 20 21
15 22
15 22 29
15 22 29 36
15 22 29 36 43
16 9 2
16 9
16 15
16 17
16 17 18
16 17 18 19
16 17 18 19 20
16 17 18 19 20 21
16 23
16 23 30
16 23 30 37
16 23 30 37 44
17 10 3
17 10
17 16 15
17 16
17 18
17 18 19
17 18 19 20
17 18 19 20 21
17 24
17 24 31
17 24 31 38
17 24 31 38 45
18 11 4
18 11
18 17 16 15
18 17 16
18 17
18 19
18 19 20
18 19 20 21
18 25
18 25 32
18 25 32 39
18 25 32 39 46
19 12 5
19 12
19 18 17 16 15
19 18 17 16
19 18 17
19 18
19 20
19 20 21
19 26
19 26 33
19 26 33 40
19 26 33 40 47
20 13 6
20 13
20 19 18 17 16 15
20 19 18 17 16
20 19 18 17
20 19 18
20 19
20 21
20 27
20 27 34
20 27 34 41
20 27 34 41 48
21 14 7
21 14
21 20 19 18 17 16 15
21 20 19 18 17 16
21 20 19 18 17
21 20 19 18
21 20 19
21 20
21 28
21 28 35
21 28 35 42
21 28 35 42 49
22 15 8 1
22 15 8
22 15
22 23
22 23 24
22 23 24 25
22 23 24 25 26
22 23 24 25 26 27
22 23 24 25 26 27 28
22 29
22 29 36
22 29 36 43
23 16 9 2
23 16 9
23 16
23 22
23 24
23 24 25
23 24 25 26
23 24 25 26 27
23 24 25 26 27 28
23 30
23 30 37
23 30 37 44
24 17 10 3
24 17 10
24 17
24 23 22
24 23
24 25
24 25 26
24 25 26 27
24 25 26 27 28
24 31
24 31 38
24 31 38 45
25 18 11 4
25 18 11
25 18
25 24 23 22
25 24 23
25 24
25 26
25 26 27
25 26 27 28
25 32
25 32 39
25 32 39 46
26 19 12 5
26 19 12
26 19
26 25 24 23 22
26 25 24 23
26 25 24
26 25
26 27
26 27 28
26 33
26 33 40
26 33 40 47
27 20 13 6
27 20 13
27 20
27 26 25 24 23 22
27 26 25 24 23
27 26 25 24
27 26 25
27 26
27 28
27 34
27 34 41
27 34 41 48
28 21 14 7
28 21 14
28 21
28 27 26 25 24 23 22
28 27 26 25 24 23
28 27 26 25 24
28 27 26 25
28 27 26
28 27
28 35
28 35 42
28 35 42 49
29 22 15 8 1
29 22 15 8
29 22 15
29 22
29 30
29 30 31
29 30 31 32
29 30 31 32 33
29 30 31 32 33 34
29 30 31 32 33 34 35
29 36
29 36 43
30 23 16 9 2
30 23 16 9
30 23 16
30 23
30 29
30 31
30 31 32
30 31 32 33
30 31 32 33 34
30 31 32 33 34 35
30 37
30 37 44
31 24 17 10 3
31 24 17 10
31 24 17
31 24
31 30 29
31 30
31 32
31 32 33
31 32 33 34
31 32 33 34 35
31 38
31 38 45
32 25 18 11 4
32 25 18 11
32 25 18
32 25
32 31 30 29
32 31 30
32 31
32 33
32 33 34
32 33 34 35
32 39
32 39 46
33 26 19 12 5
33 26 19 12
33 26 19
33 26
33 32 31 30 29
33 32 31 30
33 32 31
33 32
33 34
33 34 35
33 40
33 40 47
34 27 20 13 6
34 27 20 13
34 27 20
34 27
34 33 32 31 30 29
34 33 32 31 30
34 33 32 31
34 33 32
34 33
34 35
34 41
34 41 48
35 28 21 14 7
35 28 21 14
35 28 21
35 28
35 34 33 32 31 30 29
35 34 33 32 31 30
35 34 33 32 31
35 34 33 32
35 34 33
35 34
35 42
35 42 49
36 29 22 15 8 1
36 29 22 15 8
36 29 22 15
36 29 22
36 29
36 37
36 37 38
36 37 38 39
36 37 38 39 40
36 37 38 39 40 41
36 37 38 39 40 41 42
36 43
37 30 23 16 9 2
37 30 23 16 9
37 30 23 16
37 30 23
37 30
37 36
37 38
37 38 39
37 38 39 40
37 38 39 40 41
37 38 39 40 41 42
37 44
38 31 24 17 10 3
38 31 24 17 10
38 31 24 17
38 31 24
38 31
38 37 36
38 37
38 39
38 39 40
38 39 40 41
38 39 40 41 42
38 45
39 32 25 18 11 4
39 32 25 18 11
39 32 25 18
39 32 25
39 32
39 38 37 36
39 38 37
39 38
39 40
39 40 41
39 40 41 42
39 46
40 33 26 19 12 5
40 33 26 19 12
40 33 26 19
40 33 26
40 33
40 39 38 37 36
40 39 38 37
40 39 38
40 39
40 41
40 41 42
40 47
41 34 27 20 13 6
41 34 27 20 13
41 34 27 20
41 34 27
41 34
41 40 39 38 37 36
41 40 39 38 37
41 40 39 38
41 40 39
41 40
41 42
41 48
42 35 28 21 14 7
42 35 28 21 14
42 35 28 21
42 35 28
42 35
42 41 40 39 38 37 36
42 41 40 39 38 37
42 41 40 39 38
42 41 40 39
42 41 40
42 41
42 49
43 36 29 22 15 8 1
43 36 29 22 15 8
43 36 29 22 15
43 36 29 22
43 36 29
43 36
43 44
43 44 45
43 44 45 46
43 44 45 46 47
43 44 45 46 47 48
43 44 45 46 47 48 49
44 37 30 23 16 9 2
44 37 30 23 16 9
44 37 30 23 16
44 37 30 23
44 37 30
44 37
44 43
44 45
44 45 46
44 45 46 47
44 45 46 47 48
44 45 46 47 48 49
45 38 31 24 17 10 3
45 38 31 24 17 10
45 38 31 24 17
45 38 31 24
45 38 31
45 38
45 44 43
45 44
45 46
45 46 47
45 46 47 48
45 46 47 48 49
46 39 32 25 18 11 4
46 39 32 25 18 11
46 39 32 25 18
46 39 32 25
46 39 32
46 39
46 45 44 43
46 45 44
46 45
46 47
46 47 48
46 47 48 49
47 40 33 26 19 12 5
47 40 33 26 19 12
47 40 33 26 19
47 40 33 26
47 40 33
47 40
47 46 45 44 43
47 46 45 44
47 46 45
47 46
47 48
47 48 49
48 41 34 27 20 13 6
48 41 34 27 20 13
48 41 34 27 20
48 41 34 27
48 41 34
48 41
48 47 46 45 44 43
48 47 46 45 44
48 47 46 45
48 47 46
48 47
48 49
49 42 35 28 21 14 7
49 42 35 28 21 14
49 42 35 28 21
49 42 35 28
49 42 35
49 42
49 48 47 46 45 44 43
49 48 47 46 45 44
49 48 47 46 45
49 48 47 46
49 48 47
49 48
