0 9 0
9 0 1
0 16 2
16 0 3
0 19 4
19 0 5
1 3 6
3 1 7
1 30 8
30 1 9
1 37 10
37 1 11
2 5 12
5 2 13
2 21 14
21 2 15
2 22 16
22 2 17
2 23 18
23 2 19
2 25 20
25 2 21
3 10 22
10 3 23
3 11 24
11 3 25
3 36 26
36 3 27
3 37 28
37 3 29
4 12 30
12 4 31
4 16 32
16 4 33
4 29 34
29 4 35
4 34 36
34 4 37
4 40 38
40 4 39
5 7 40
7 5 41
5 22 42
22 5 43
5 25 44
25 5 45
5 33 46
33 5 47
6 26 48
26 6 49
6 29 50
29 6 51
6 35 52
35 6 53
6 36 54
36 6 55
6 39 56
39 6 57
6 41 58
41 6 59
7 21 60
21 7 61
7 32 62
32 7 63
8 11 64
11 8 65
8 34 66
34 8 67
8 39 68
39 8 69
8 40 70
40 8 71
9 15 72
15 9 73
9 19 74
19 9 75
9 20 76
20 9 77
9 32 78
32 9 79
10 11 80
11 10 81
10 17 82
17 10 83
10 37 84
37 10 85
11 17 86
17 11 87
11 41 88
41 11 89
12 16 90
16 12 91
12 31 92
31 12 93
12 38 94
38 12 95
12 40 96
40 12 97
13 19 98
19 13 99
13 24 100
24 13 101
14 19 102
19 14 103
14 24 104
24 14 105
14 31 106
31 14 107
15 16 108
16 15 109
15 20 110
20 15 111
15 29 112
29 15 113
17 27 114
27 17 115
17 28 116
28 17 117
18 22 118
22 18 119
18 23 120
23 18 121
18 33 122
33 18 123
19 24 124
24 19 125
19 32 126
32 19 127
20 32 128
32 20 129
20 42 130
42 20 131
21 25 132
25 21 133
21 26 134
26 21 135
21 32 136
32 21 137
21 42 138
42 21 139
22 23 140
23 22 141
22 33 142
33 22 143
25 26 144
26 25 145
25 35 146
35 25 147
26 42 148
42 26 149
27 28 150
28 27 151
27 40 152
40 27 153
28 38 154
38 28 155
29 34 156
34 29 157
29 39 158
39 29 159
29 42 160
42 29 161
30 35 162
35 30 163
31 38 164
38 31 165
32 42 166
42 32 167
34 39 168
39 34 169
34 40 170
40 34 171
35 37 172
37 35 173
36 41 174
41 36 175
38 40 176
40 38 177
39 41 178
41 39 179
