0 1 0
1 0 1
0 2 2
2 0 3
0 10 4
10 0 5
1 2 6
2 1 7
1 3 8
3 1 9
2 4 10
4 2 11
3 4 12
4 3 13
3 5 14
5 3 15
4 6 16
6 4 17
5 6 18
6 5 19
5 7 20
7 5 21
6 8 22
8 6 23
7 8 24
8 7 25
7 9 26
9 7 27
7 14 28
14 7 29
8 9 30
9 8 31
8 17 32
17 8 33
9 10 34
10 9 35
10 11 36
11 10 37
11 12 38
12 11 39
11 18 40
18 11 41
12 13 42
13 12 43
12 16 44
16 12 45
13 14 46
14 13 47
13 15 48
15 13 49
14 15 50
15 14 51
15 16 52
16 15 53
16 17 54
17 16 55
17 18 56
18 17 57
17 19 58
19 17 59
18 19 60
19 18 61
