0 1 0
1 0 1
0 4 2
4 0 3
1 3 4
3 1 5
2 3 6
3 2 7
2 4 8
4 2 9
3 4 10
4 3 11
3 5 12
5 3 13
3 8 14
8 3 15
3 9 16
9 3 17
4 5 18
5 4 19
4 6 20
6 4 21
4 13 22
13 4 23
4 14 24
14 4 25
5 6 26
6 5 27
5 7 28
7 5 29
5 9 30
9 5 31
6 7 32
7 6 33
6 11 34
11 6 35
6 12 36
12 6 37
6 14 38
14 6 39
8 9 40
9 8 41
8 10 42
10 8 43
8 11 44
11 8 45
8 14 46
14 8 47
8 16 48
16 8 49
9 11 50
11 9 51
10 16 52
16 10 53
10 18 54
18 10 55
11 14 56
14 11 57
11 15 58
15 11 59
12 13 60
13 12 61
12 17 62
17 12 63
13 17 64
17 13 65
14 15 66
15 14 67
14 17 68
17 14 69
14 19 70
19 14 71
15 16 72
16 15 73
16 18 74
18 16 75
17 19 76
19 17 77
