0 1 0
1 0 1
0 2 2
2 0 3
0 3 4
3 0 5
0 5 6
5 0 7
0 7 8
7 0 9
0 13 10
13 0 11
0 19 12
19 0 13
1 2 14
2 1 15
1 18 16
18 1 17
2 18 18
18 2 19
2 19 20
19 2 21
3 4 22
4 3 23
3 5 24
5 3 25
3 6 26
6 3 27
3 18 28
18 3 29
4 5 30
5 4 31
5 7 32
7 5 33
6 7 34
7 6 35
6 8 36
8 6 37
7 8 38
8 7 39
7 9 40
9 7 41
8 10 42
10 8 43
8 14 44
14 8 45
8 15 46
15 8 47
8 19 48
19 8 49
8 20 50
20 8 51
9 10 52
10 9 53
9 12 54
12 9 55
9 13 56
13 9 57
10 11 58
11 10 59
11 12 60
12 11 61
12 14 62
14 12 63
13 14 64
14 13 65
14 16 66
16 14 67
15 16 68
16 15 69
15 17 70
17 15 71
15 20 72
20 15 73
16 17 74
17 16 75
19 20 76
20 19 77